507 1
198 1
344 1
345 1
346 1
347 0
340 1
341 1
342 1
343 1
810 1
811 1
812 1
813 1
348 1
349 1
816 1
817 1
719 1
718 1
717 1
716 0
715 1
714 1
713 1
712 1
711 1
710 1
914 1
606 1
911 1
619 1
910 1
913 1
298 1
299 1
296 1
297 1
294 1
295 1
292 0
293 1
290 1
291 1
591 1
590 1
593 1
592 1
595 1
594 1
597 1
596 1
195 1
194 1
197 1
196 1
191 1
190 2
193 1
192 1
270 1
271 1
272 1
273 1
274 0
275 1
276 1
277 3
278 1
279 1
524 1
525 1
526 1
527 1
520 0
521 1
522 1
523 2
599 1
528 1
529 1
449 1
448 1
443 1
442 1
441 1
440 0
447 1
446 1
445 1
444 1
108 1
109 2
102 1
103 2
100 1
101 0
106 1
107 1
104 1
105 1
902 1
903 1
39 1
38 1
906 1
907 1
904 1
905 1
33 1
32 1
31 1
30 1
37 1
36 1
35 1
34 1
641 1
640 1
643 1
642 1
645 1
644 1
438 2
439 1
436 1
437 1
434 0
435 1
432 3
433 1
430 1
431 0
339 1
338 1
335 1
334 1
337 1
336 1
331 1
330 1
333 1
332 1
559 5
752 0
745 1
854 1
818 1
856 1
857 1
850 1
851 1
852 1
819 3
858 2
859 2
748 1
6 1
848 1
99 1
98 1
844 1
91 0
90 1
93 0
92 1
95 1
94 1
97 1
96 1
814 1
815 1
740 1
741 1
742 1
743 1
744 1
558 1
746 1
747 0
555 3
554 1
557 1
556 1
551 1
550 1
553 1
552 1
238 1
239 1
234 1
235 1
236 0
237 3
230 2
231 2
232 1
233 1
1 1
614 1
146 0
147 1
144 1
145 1
142 1
143 0
140 1
141 1
612 1
613 1
610 1
611 0
616 1
617 0
148 1
149 1
912 1
768 1
689 1
688 1
685 1
684 1
687 1
686 2
681 0
680 1
683 1
682 1
623 1
622 1
133 1
132 1
131 1
130 3
137 1
136 1
135 1
134 1
494 1
495 1
139 2
497 1
490 1
491 1
492 1
493 1
24 1
25 1
26 2
27 1
20 1
21 2
22 1
23 1
28 2
29 1
407 1
406 1
405 1
404 1
403 1
402 1
401 1
400 1
629 1
409 1
408 1
628 1
758 1
379 1
378 1
829 1
828 1
371 1
370 1
373 1
826 1
375 1
820 1
377 1
376 1
708 1
709 1
704 0
705 1
706 1
707 3
700 1
618 1
702 0
703 1
393 1
392 0
88 1
89 1
397 1
396 1
395 1
394 1
82 1
83 0
80 0
81 1
86 1
87 1
84 2
85 1
797 1
796 1
795 1
794 1
793 0
792 1
791 1
790 0
799 0
798 1
7 1
601 2
607 1
586 1
587 1
584 2
585 2
582 2
583 2
580 1
581 1
588 2
589 1
245 1
244 4
247 2
246 1
241 1
240 1
243 1
242 1
615 1
249 1
248 1
519 1
518 0
511 1
510 0
513 1
512 1
515 1
514 1
517 1
516 1
458 1
459 1
621 1
620 1
627 1
626 2
625 1
624 1
450 1
451 1
452 1
453 1
454 1
455 1
456 1
457 1
179 1
178 1
177 1
199 1
175 1
174 1
173 0
172 1
171 1
170 1
656 3
657 1
654 1
182 1
183 1
180 1
181 1
186 1
187 1
184 1
185 1
652 2
188 1
189 1
658 1
653 1
650 1
651 1
568 1
764 2
11 0
10 1
13 1
12 1
15 1
14 1
17 3
16 1
19 1
18 1
863 2
862 1
865 1
864 1
867 1
866 1
659 1
883 1
882 1
881 1
880 1
887 1
886 1
885 1
884 1
889 1
888 2
756 1
809 1
322 0
323 1
320 1
321 1
326 1
327 1
324 1
325 1
328 1
329 1
759 1
201 1
200 1
203 1
202 1
205 1
204 1
207 1
206 1
209 1
208 2
779 1
778 1
77 1
76 1
75 0
74 1
73 1
72 1
71 1
70 0
655 1
79 1
78 1
2 1
805 2
804 1
669 1
668 1
667 1
666 1
665 1
664 1
663 1
662 1
661 1
660 1
769 1
692 1
693 3
690 1
691 1
696 2
697 0
694 4
695 1
698 1
699 4
542 1
543 0
540 1
541 1
546 1
547 1
544 1
545 0
8 1
548 1
549 1
598 1
869 1
868 1
120 1
121 1
122 1
123 1
124 1
125 1
126 1
127 1
128 1
129 1
765 1
176 1
414 0
415 1
416 1
417 1
410 1
411 1
412 1
413 0
498 1
418 0
419 1
776 1
499 1
319 1
318 1
313 1
312 1
311 1
310 1
317 1
316 0
315 1
314 1
496 1
832 1
833 1
830 1
138 0
836 1
837 0
834 1
835 0
838 1
839 1
808 1
3 1
725 1
368 1
369 2
366 1
367 1
364 1
365 1
362 0
363 1
360 1
361 1
380 0
861 1
382 1
383 1
384 1
385 1
386 1
387 1
388 2
389 1
784 1
785 0
786 1
787 1
780 1
781 1
782 1
381 1
788 1
789 1
860 1
605 3
579 1
578 1
604 1
573 1
572 1
571 1
570 1
577 0
576 1
575 1
574 0
60 1
61 1
62 0
259 1
64 3
65 1
66 3
67 1
68 1
253 1
250 1
251 1
256 1
257 1
254 1
255 1
603 1
602 1
731 1
730 1
733 1
732 1
735 1
734 1
737 1
736 1
506 1
738 2
504 3
505 1
502 3
503 1
500 1
501 1
630 1
631 1
632 1
633 1
469 1
468 1
636 1
637 1
465 0
464 1
467 0
466 1
461 1
900 1
463 2
462 1
901 2
168 1
169 1
164 2
165 1
166 1
167 1
160 0
161 1
162 1
163 1
783 1
908 1
909 1
600 1
878 1
879 1
876 1
877 1
874 1
875 0
872 1
873 2
870 1
871 1
9 1
890 2
891 1
892 1
893 1
894 1
647 1
896 1
897 1
898 2
899 1
646 1
649 1
648 1
357 1
356 1
355 1
354 0
353 1
352 1
351 1
350 1
803 0
802 0
801 1
800 1
807 1
806 1
359 1
358 1
216 1
217 1
214 1
215 1
212 1
213 1
210 1
211 1
762 1
763 1
760 1
761 1
766 1
767 2
218 1
219 1
831 1
289 1
288 1
4 1
281 2
280 1
283 1
282 1
285 1
284 1
287 1
286 1
678 1
679 1
674 1
675 0
676 1
677 1
670 0
671 1
672 1
673 1
263 1
262 1
261 1
260 1
267 1
266 0
265 1
264 1
269 0
268 1
701 1
59 1
58 1
55 1
54 1
57 1
56 1
51 1
258 1
53 1
52 1
537 0
536 1
535 1
63 1
533 1
532 1
531 1
530 1
539 1
538 1
775 1
774 1
777 1
50 1
115 1
252 1
117 1
116 1
111 1
110 1
113 1
69 1
771 3
119 1
118 1
770 1
773 1
772 1
429 1
428 1
534 1
421 1
420 1
423 1
422 0
425 4
424 1
427 1
426 1
308 3
309 1
855 1
300 2
301 1
302 1
303 1
304 0
305 1
306 1
307 1
895 0
825 1
824 1
827 1
847 1
846 1
845 1
372 1
843 1
842 1
841 1
840 2
821 0
853 1
849 1
374 1
823 1
822 1
753 1
569 1
751 1
750 1
757 1
508 1
755 1
754 1
560 1
561 1
562 1
563 1
564 1
565 1
566 1
567 1
739 3
229 1
228 1
227 1
226 1
225 1
224 1
223 1
222 0
221 2
220 1
114 3
391 1
726 1
727 0
724 0
390 1
722 1
723 1
720 0
721 0
728 1
729 1
151 1
150 1
153 1
152 1
155 1
154 3
157 1
156 1
159 2
158 1
112 1
609 1
608 1
634 1
399 1
635 1
749 1
398 1
48 1
49 1
46 1
47 0
44 1
45 1
42 1
43 2
40 1
41 1
638 1
5 1
639 1
460 1
489 1
488 0
487 1
486 1
485 1
484 1
483 1
482 0
481 1
480 1
509 1
472 1
473 1
470 0
471 1
476 1
477 1
474 1
475 0
478 2
479 1
