750 691 252 581 738 326 638 115 753 718 403 376 864 339 796 254 53 641 459 309 485 502 486 45 776 268 282 112 714 368 191 705 551 344 39 501 460 209 307 428 758 492 140 234 869 616 767 42 807 247 820 474 698 163 874 834 379 226 654 402 818 104 363 673
716 519 210 73 476 774 35 525 903 538 914 628 683 341 250 553 60 359 586 478 25 642 898 171 854 621 777 600 749 401 900 466 893 563 22 374 717 94 36 763 735 340 823 56 886 599 723 176 356 256 707 384 739 123 764
617 657 358 130 672 585 463 308 188 203 800 297 437 479 614 757 592 253 391 251 76 344 39 501 460 209 307 428 758 492 140 234 869 616 767 42 807 247 820 474 698 163 754 822 168 312 161 679 731 671 132 100 420 78 177
176 356 256 353 378 113 203 800 297 437 479 614 757 592 253 391 251 76 166 771 407 180 257 706 881 824 780 272 890 734 313 448 57 397 855 787 451 473 756 205 278 355 647 40 72 306 514 678 740 708 389 367 888 624 15 5 206
167 221 218 736 92 331 115 753 718 403 376 864 339 796 254 53 641 459 309 485 502 486 45 776 268 282 112 714 368 191 705 551 166 771 407 180 257 706 881 317 631 323 296 498 116 522 440
348 842 246 640 511 31 565 701 694 357 533 16 77 194 411 95 410 398 839 388 547 595 427 360 567 646 387 572 435 894 904 531 610 797 515 632 909 238 766 750 691 279 512 730 61 105 49
472 613 409 795 674 517 433 588 59 314 694 357 913 267 283 725 453 94 36 763 735 340 823 56 886 599 723 176 356 256 707 384 840 425 337 760 617
286 34 106 207 130 672 585 463 308 188 203 800 297 437 479 614 757 592 253 391 251 76 166 771 407 180 257 706 881 317 631 323 370 666 155 613 409 795 674 517
279 512 730 61 105 49 92 331 115 753 718 403 376 864 339 796 254 53 641 459 309 485 502 486 45 776 268 282 112 714 368 191 705 551 166 771 407 180 257 706 881 824 314 694 357
1 162 7 439 877 657 358 130 672 585 463 308 188 203 800 297 437 479 614 757 592 253 391 251 76 166 771 407 180 257 706 881 317 631 323 370 666 861 74 3 345 853 133
464 43 415 693 320 308 188 203 800 297 437 479 614 757 592 253 391 251 76 166 771 407 180 257 706 881 824 780 272 890 734 313 448 57 397 855 787 827 54 746
289 729 794 845 53 641 459 309 485 502 486 45 776 268 282 112 714 368 191 705 551 166 771 407 180 257 706 881 317 631 323 370 666 155 613 409 795 447 649 884 153 852 844 500 828 496 65 806 868 452 587 566 878 568 316
332 382 408 321 291 339 796 254 53 641 459 309 485 502 486 45 776 268 282 112 714 368 191 705 551 166 771 407 180 257 706 881 317 631 323 370 666 155 613 409 795 447 649 884 153 852 844 500 828 496 65 806 868 452 587 566 303 792 664 846
262 524 305 376 864 339 796 254 53 641 459 309 485 502 486 45 776 268 282 112 714 368 191 705 551 166 771 407 180 257 706 881 317 631 323 370 666 155 613 409 795 447 649 884 153 852 844 500 828 496 65 806 868 452 587 91
510 24 911 760 399 877 657 358 130 672 585 463 308 188 203 800 297 437 479 614 757 592 253 391 251 76 344 39 501 460 209 307 428 758 492 140 234 869 616 767 42 807 247 820 474 698 163 754 822 168 312 161 393 752
724 715 853 133 3 345 655 490 689 8 674 517 433 588 59 314 694 357 913 267 283 725 453 94 36 763 735 340 823 56 886 599 723 176 356 256 707 384 840 17 470
646 387 572 435 641 459 309 485 502 486 45 776 268 282 112 714 368 191 705 551 166 771 407 180 257 706 881 824 780 272 890 734 313 448 57 397 855 787 451 473 756 205 278 355 647 40 72 306 514 678 740 708 389 367 888 624 15 5 206
121 162 7 439 877 657 358 130 672 585 463 308 188 203 800 297 437 479 614 757 592 253 391 251 76 166 771 407 180 257 706 881 824 780 272 890 734 313 448 57 397 855 787 451 473 756 205 278 355 647 40 72 306 808 801 264 445 762
388 547 595 427 360 485 502 486 45 776 268 282 112 714 368 191 705 551 166 771 407 180 257 706 881 824 780 272 890 734 313 448 57 397 855 787 451 473 756 205 278 355 647 40 72 306 808 801 264 445 762
510 24 911 760 399 877 657 358 130 672 585 463 308 188 203 800 297 437 479 614 757 592 253 391 251 76 344 39 501 460 209 307 428 758 492 140 234 869 616 767 42 807 247 820 474 698 163 754 822 168 312 161 679 731 671 132 100 420 78 177
11 290 584 882 408 321 291 339 796 254 53 641 459 309 485 502 486 45 776 268 282 112 714 368 191 705 551 166 771 407 180 257 706 881 317 631 323 370 666 179 346
143 426 105 49 92 331 115 753 718 403 376 864 339 796 254 53 641 459 309 485 502 486 45 776 268 282 112 714 368 191 705 551 166 771 407 180 257 706 881 824 780 272 890 734 313 497 615 536 726 669 242 273
111 560 373 459 309 485 502 486 45 776 268 282 112 714 368 191 705 551 166 771 407 180 257 706 881 824 780 272 890 734 313 448 57 397 855 787 451 473 756 205 278 355 647 40 72 306 514 678 740 708 389 367 888 624 15 5 206
369 833 570 338 343 584 882 408 321 291 339 796 254 53 641 459 309 485 502 486 45 776 268 282 112 714 368 191 705 551 166 771 407 180 257 706 881 824 780 272 890 734 313 448 57 397 855 787 451 473 756 205 278 355 647 40 72 306 514 678 740 86 548 851
167 221 218 736 92 331 115 753 718 403 376 864 339 796 254 53 641 459 309 485 502 486 45 776 268 282 112 714 368 191 705 551 166 771 407 180 257 706 881 824 780 272 890 734 313 448 57 397 855 787 451 473 756 205 278 355 647 40 72 306 514 678 740 86 548 851
510 24 911 760 399 877 657 358 130 672 585 463 308 188 203 800 297 437 479 614 757 592 253 391 251 76 166 771 407 180 257 706 881 317 631 323 296 498 116 522 440
601 124 106 207 130 672 585 463 308 188 203 800 297 437 479 614 757 592 253 391 251 76 166 771 407 180 257 706 881 824 780 272 890 734 313 448 57 397 855 787 827 54 746
392 609 620 728 794 845 53 641 459 309 485 502 486 45 776 268 282 112 714 368 191 705 551 166 771 407 180 257 706 881 317 631 323 370 666 155 613 409 795 447 649 884 153 852 844 500 828 496 65 806 868 452 587 566 878 412
805 311 377 164 549 836 301 676 170 184 261 38 89 108 81 586 478 25 642 898 171 854 621 777 600 749 401 900 466 893 563 22 374 717 232 400 865 32 773 539 276 212 213 275 90 352 225 122 51 237 751 623 33 295 190 639 243 330 658
696 319 815 782 185 326 638 115 753 718 403 376 864 339 796 254 53 641 459 309 485 502 486 45 776 268 282 112 714 368 191 705 551 166 771 407 180 257 706 881 317 631 323 370 666 155 613 409 795 447 649 884 153 852 844 500 828 496 65 806 868 452 587 566 878 412
