300 571 18 836 301 676 170 184 261 38 89 108 81 586 478 25 642 898 171 854 621 777 600 749 401 900 466 893 563 22 374 717 232 400 865 32 773 539 276 212 213 839 388 547 595 427 360 567 646 387 572 435 894 904 200 96 332 382 696 319
698 163 553 60 359 586 478 25 642 898 171 854 621 777 600 749 401 900 466 893 563 22 374 717 94 36 763 735 340 823 56 886 599 723 176 356 256 707 384 739 123 137 218 736 92 331 115 753 718
160 653 584 882 408 321 291 339 796 254 53 641 459 309 485 502 486 45 776 268 282 112 714 368 191 705 551 166 771 407 180 257 706 881 824 780 272 890 734 313 448 57 783 530
871 118 139 321 291 339 796 254 53 641 459 309 485 502 486 45 776 268 282 112 714 368 191 705 551 166 771 407 180 257 706 881 824 780 272 890 734 313 448 57 397 855 787 827 54 746
449 334 560 373 459 309 485 502 486 45 776 268 282 112 714 368 191 705 551 166 771 407 180 257 706 881 824 780 272 890 734 313 448 57 397 855 787 451 473 756 205 278 872 456 608 458 636
785 784 48 147 349 910 712 58 4 578 170 184 901 142 643 559 602 735 340 823 56 886 599 723 176 356 256 707 384 739 123 137 601 124 229 7 503
336 633 856 294 10 46 876 239 296 498 433 588 59 314 694 357 533 16 77 194 411 95 410 398 839 388 547 595 427 360 567 646 387 572 435 894 904 531 610 797 515 871 118 233 815 782 185 326 638
510 24 911 760 399 877 657 358 130 672 585 463 308 188 203 800 297 437 479 614 757 592 253 391 251 76 166 771 407 180 257 706 881 317 631 323 370 666 155 613 409 795 447 649 884 153 852 844 500 828 496 65 806 868 452 587 566 878 568 304
143 426 105 49 92 331 115 753 718 403 376 864 339 796 254 53 641 459 309 485 502 486 45 776 268 282 112 714 368 191 705 551 166 771 407 180 257 706 881 824 780 272 890 734 313 448 57 397 855 787 451 473 756 205 278 872 456 608 458 636
286 34 106 207 130 672 585 463 308 188 203 800 297 437 479 614 757 592 253 391 251 76 166 771 407 180 257 706 881 824 780 272 424 565 701
279 512 730 61 105 49 92 331 115 753 718 403 376 864 339 796 254 53 641 459 309 485 502 486 45 776 268 282 112 714 368 191 705 551 166 771 407 180 257 706 881 317 631 323 370 666 155 613 409 795 447 649 884 153 852 844 500 828 496 65 806 868 452 587 566 303 792 664 846
143 426 105 49 92 331 115 753 718 403 376 864 339 796 254 53 641 459 309 485 502 486 45 776 268 282 112 714 368 191 705 551 166 771 407 180 257 706 881 317 631 323 296 498 433 637 126
909 238 766 136 383 415 693 320 308 188 203 800 297 437 479 614 757 592 253 391 251 76 166 771 407 180 257 706 881 317 631 323 370 666 861 74 3 345 655 490 689 8
121 162 7 439 877 657 358 130 672 585 463 308 188 203 800 297 437 479 614 757 592 253 391 251 76 166 771 407 180 257 706 881 317 631 323 370 666 155 613 409 795 447 649 791 148
909 238 766 136 383 415 693 320 308 188 203 800 297 437 479 614 757 592 253 391 251 76 166 771 407 180 257 706 881 824 780 272 890 734 313 497 615 536 726 838 248 816 322
601 124 106 207 130 672 585 463 308 188 203 800 297 437 479 614 757 592 253 391 251 76 344 39 501 460 209 307 428 758 492 140 234 869 616 767 42 807 247 820 474 698 163 874 834 379 226 654 906 471 557
388 547 595 427 360 485 502 486 45 776 268 282 112 714 368 191 705 551 166 771 407 180 257 706 881 824 780 272 890 734 313 448 57 397 855 787 451 473 756 205 278 355 647 40 72 306 808 801 264 445 762
828 496 65 885 644 540 260 811 748 550 241 791 148 674 517 433 588 59 314 694 357 533 16 77 194 411 95 410 398 839 388 547 595 427 360 567 646 387 572 435 894 904 531 610 797 515 871 118 233 815 782 185 135 187
617 657 358 130 672 585 463 308 188 203 800 297 437 479 614 757 592 253 391 251 76 344 39 501 460 209 307 428 758 492 140 234 869 616 767 42 807 247 820 474 698 163 754 822 168 312 161 679 731 671 132 100 420 78 850 199
229 7 439 877 657 358 130 672 585 463 308 188 203 800 297 437 479 614 757 592 253 391 251 76 344 39 501 460 209 307 428 758 492 140 234 869 616 767 42 807 247 820 13 542 612 419 901 142
909 238 766 136 383 415 693 320 308 188 203 800 297 437 479 614 757 592 253 391 251 76 344 39 501 460 209 307 428 758 492 140 234 869 616 767 42 807 247 820 474 698 163 874 834 379 226 654 402 336 633 856 294
515 632 403 376 864 339 796 254 53 641 459 309 485 502 486 45 776 268 282 112 714 368 191 705 551 166 771 407 180 257 706 881 317 631 323 370 666 155 613 409 795 447 649 884 153 852 844 500 828 496 65 806 868 452 587 566 303 792 664 846
708 389 367 888 624 15 5 206 86 548 851 808 801 264 445 762 872 456 608 458 636 827 54 746 783 530 565 701 694 357 533 16 77 194 411 95 410 398 839 388 547 595 427 360 567 646 387 572 435 894 904 531 610 797 515 871 118 233 815 782 185 135 187
850 4 578 170 184 261 38 89 108 81 586 478 25 642 898 171 854 621 777 600 749 401 900 466 893 563 22 374 717 232 400 865 32 773 539 276 212 213 839 388 547 595 427 360 567 646 387 572 435 894 904 531 610 797 515 871 118 233 815 782 185 326 638
347 576 185 326 638 115 753 718 403 376 864 339 796 254 53 641 459 309 485 502 486 45 776 268 282 112 714 368 191 705 551 166 771 407 180 257 706 881 317 631 323 370 666 155 589
286 34 106 207 130 672 585 463 308 188 203 800 297 437 479 614 757 592 253 391 251 76 166 771 407 180 257 706 881 317 631 323 370 666 861 74 3 345 655 490 689 8
143 426 105 49 92 331 115 753 718 403 376 864 339 796 254 53 641 459 309 485 502 486 45 776 268 282 112 714 368 191 705 551 344 39 501 460 209 307 428 758 492 140 234 869 616 767 42 807 247 820 474 698 163 754 822 168 312 161 679 731 671 525 903
229 7 439 877 657 358 130 672 585 463 308 188 203 800 297 437 479 614 757 592 253 391 251 76 344 39 501 460 209 307 428 758 492 140 234 869 616 767 42 807 247 820 474 698 163 874 342 634 569
135 187 139 321 291 339 796 254 53 641 459 309 485 502 486 45 776 268 282 112 714 368 191 705 551 166 771 407 180 257 706 881 317 631 323 370 666 861 74 3 345 655 715
510 24 911 760 399 877 657 358 130 672 585 463 308 188 203 800 297 437 479 614 757 592 253 391 251 76 344 39 501 460 209 307 428 758 492 140 234 869 616 767 42 807 247 820 81 450 905 102 350 556 178
