137 218 736 92 331 115 753 718 403 376 864 328 144 295 190 639 243 110 9 244 50 437 479 614 66 277 695 573 386 240 141 744 214 64 489
868 452 587 566 303 792 664 846 335 885 644 540 260 811 748 550 241 791 148 674 517 433 588 59 314 694 357 533 16 77 194 411 95 410 398 839 388 547 595 427 360 567 646 387 572 435 894 904 531 610 797 515 632 909 238 766 750 691 279 512 286 34 229 7 439
630 772 494 569 255 10 46 102 186 192 478 25 642 898 171 854 621 777 600 749 401 900 466 893 563 22 374 717 94 36 763 735 340 823 56 886 599 723 176 356 256 707 384 739 123 137 601 124 106 207 873
286 34 106 207 130 672 585 463 308 188 203 800 297 437 479 614 757 592 253 391 251 76 344 39 501 460 209 307 428 758 492 140 234 869 616 767 42 807 247 820 13 542 612 419 516 127 385 68 781 462 722 406
83 298 645 169 448 57 783 530 565 701 694 357 533 16 77 194 411 95 410 398 839 388 547 595 427 360 567 646 387 572 435 894 904 531 610 797 515 871 118 233 815 782 185 326 638 115 753 718
464 43 415 693 320 308 188 203 800 297 437 479 614 757 592 253 391 251 76 344 39 501 460 209 307 428 758 492 140 234 869 616 767 42 807 247 820 13 542 612 419 516 127 385 68 781 462 722 406
510 24 911 760 399 877 657 358 130 672 585 463 308 188 203 800 297 437 479 614 757 592 253 391 251 76 166 771 407 180 257 706 881 824 314 128 505 688
750 691 252 581 738 326 638 115 753 718 403 376 864 339 796 254 53 641 459 309 485 502 486 45 776 268 282 112 714 368 191 705 551 166 771 407 180 257 706 881 824 314 128 505 688
617 657 358 130 672 585 463 308 188 203 800 297 437 479 614 757 592 253 391 251 76 344 39 501 460 209 307 428 758 492 140 234 869 616 767 42 807 247 820 13 542 612 419 516 127 385 68 781 58 665
235 12 338 343 584 882 408 321 291 339 796 254 53 641 459 309 485 502 486 45 776 268 282 112 714 368 191 705 551 166 771 407 180 257 706 881 317 631 323 370 666 155 613 409 795 817 597 472
716 519 210 73 476 774 35 525 903 538 914 628 683 341 250 553 60 359 586 478 25 642 898 171 854 621 777 600 749 401 900 466 893 563 22 374 717 232 400 865 32 773 539 276 212 213 839 388 547 595 427 360 567 646 387 572 435 894 904 200 96 332 369 833 570 338 343 235 12 138
601 124 106 207 130 672 585 463 308 188 203 800 297 437 479 614 757 592 253 391 251 76 344 39 501 460 209 307 428 758 492 140 234 869 616 767 42 807 247 820 474 698 163 874 834 379 226 654 402 818 104 363 673
397 855 787 827 54 746 783 530 565 701 694 357 533 16 77 194 411 95 410 398 839 388 547 595 427 360 567 646 387 572 435 894 904 531 610 797 515 632 909 238 766 750 691 279 512 730 61 105 49
292 737 471 557 683 341 250 553 60 359 586 478 25 642 898 171 854 621 777 600 749 401 900 466 893 563 22 374 717 232 400 865 32 773 539 276 212 213 839 388 547 595 427 360 567 646 387 572 435 894 904 200 96 332 369 833 570 338 343 584 882
121 162 7 439 877 657 358 130 672 585 463 308 188 203 800 297 437 479 614 757 592 253 391 251 76 166 771 407 180 257 706 881 317 631 323 370 666 861 74 3 345 655 490 724
68 781 58 665 177 476 774 35 525 903 538 914 628 683 341 250 553 60 359 586 478 25 642 898 171 854 621 777 600 749 401 900 466 893 563 22 374 717 232 400 865 32 773 539 276 212 213 839 388 547 595 427 360 567 646 387 572 435 894 904 531 610 797 515 632 909 238 766 750 691 279 512 730 61 105 49
909 238 766 136 383 415 693 320 308 188 203 800 297 437 479 614 757 592 253 391 251 76 344 39 501 460 209 307 428 758 492 140 234 869 616 767 42 807 247 820 474 698 163 874 834 379 226 654 402 336 633 856 294
75 609 620 728 794 845 53 641 459 309 485 502 486 45 776 268 282 112 714 368 191 705 551 166 771 407 180 257 706 881 824 780 272 890 734 313 448 57 397 855 787 451 473 756 205 278 872 456 608 458 636
532 841 899 249 784 48 147 349 910 712 58 665 177 476 774 35 525 903 538 914 628 683 341 250 553 60 359 586 478 25 642 898 171 854 621 777 600 749 401 900 466 893 563 22 374 717 232 400 865 32 773 539 276 212 213 839 388 547 595 427 360 567 646 387 572 435 449 334 271 521 495 895
840 425 337 760 399 877 657 358 130 672 585 463 308 188 203 800 297 437 479 614 757 592 253 391 251 76 166 771 407 180 257 706 881 317 631 323 370 666 861 74 3 345 655 490 689 8
143 426 105 49 92 331 115 753 718 403 376 864 339 796 254 53 641 459 309 485 502 486 45 776 268 282 112 714 368 191 705 551 166 771 407 180 257 706 881 824 780 272 890 734 313 448 57 397 855 787 451 473 756 205 278 355 647 40 72 306 808 801 264 445 762
160 653 584 882 408 321 291 339 796 254 53 641 459 309 485 502 486 45 776 268 282 112 714 368 191 705 551 166 771 407 180 257 706 881 317 631 323 296 498 433 588 59
137 218 736 92 331 115 753 718 403 376 864 339 796 254 53 641 459 309 485 502 486 45 776 268 282 112 714 368 191 705 551 166 771 407 180 257 706 881 317 631 323 370 666 179 630 772 494
838 248 558 484 669 242 273 733 448 57 783 530 565 701 694 357 533 16 77 194 411 95 410 398 839 388 547 595 427 360 567 646 387 572 435 894 904 531 610 797 515 632 909 238 766 750 691 252 581 738
569 255 10 46 876 239 296 498 433 588 59 314 694 357 533 16 77 194 411 95 410 398 839 388 547 595 427 360 567 646 387 572 435 894 904 531 610 797 515 632 909 238 766 750 691 279 512 286 34
286 34 106 207 130 672 585 463 308 188 203 800 297 437 479 614 757 592 253 391 251 76 166 771 407 180 257 706 881 317 631 323 370 666 179 630 772 494
101 564 412 303 792 664 846 335 885 644 540 260 811 748 550 241 791 148 674 517 433 588 59 314 694 357 533 16 77 194 411 95 410 398 839 388 547 595 427 360 567 646 387 572 435 894 904 531 610 797 515 632 909 238 766 136 383 167 221
754 822 168 683 341 250 553 60 359 586 478 25 642 898 171 854 621 777 600 749 401 900 466 893 563 22 374 717 94 36 763 735 340 823 56 886 599 723 176 356 256 707 384 739 123 137 601 124 106 121
601 124 106 207 130 672 585 463 308 188 203 800 297 437 479 614 757 592 253 391 251 76 344 39 501 460 209 307 428 758 492 140 234 869 616 767 42 807 247 820 474 698 163 754 822 168 312 161 393 752
347 576 185 326 638 115 753 718 403 376 864 339 796 254 53 641 459 309 485 502 486 45 776 268 282 112 714 368 191 705 551 344 39 501 460 209 307 428 758 492 140 234 869 616 767 42 807 247 820 474 698 163 754 822 168 683 341 250
