752 693 254 583 740 328 640 117 755 720 405 378 866 341 798 256 55 643 461 311 487 504 488 47 778 270 284 114 716 370 193 707 553 168 773 409 182 259 708 883 826 782 274 892 736 315 450 59 399 857 789 453 475 758 207 280 874 458 610 460 638 1
718 521 212 75 478 776 37 527 905 540 916 630 685 343 252 555 62 361 588 480 27 644 900 173 856 623 779 602 751 403 902 468 895 565 24 376 719 96 38 765 737 342 825 58 888 601 725 178 358 258 709 386 741 125 139 603 126 108 209 132 674 587 1
134 102 776 37 527 905 540 916 630 685 343 252 555 62 361 588 480 27 644 900 173 856 623 779 602 751 403 902 468 895 565 24 376 719 234 402 867 34 775 541 278 214 215 841 390 549 597 429 362 569 648 389 574 437 896 906 533 612 799 517 634 911 240 768 752 693 254 583 740 1
162 655 586 884 410 323 293 341 798 256 55 643 461 311 487 504 488 47 778 270 284 114 716 370 193 707 553 168 773 409 182 259 708 883 319 633 325 372 668 157 615 411 797 449 651 886 155 854 82 1
842 427 339 762 401 879 659 360 132 674 587 465 310 190 205 802 299 439 481 616 759 594 255 393 253 78 168 773 409 182 259 708 883 319 633 325 372 668 181 348 1
749 794 666 848 337 887 646 542 262 813 750 552 243 793 150 676 519 435 590 61 316 696 359 915 269 285 727 455 96 38 765 737 342 825 58 888 601 725 178 358 258 709 386 842 427 339 762 401 3 164 1
288 36 108 209 132 674 587 465 310 190 205 802 299 439 481 616 759 594 255 393 253 78 168 773 409 182 259 708 883 826 782 274 892 736 315 450 59 399 857 789 453 475 758 207 280 357 649 42 74 308 810 803 266 447 764 1
281 514 732 63 107 51 94 333 117 755 720 405 378 866 341 798 256 55 643 461 311 487 504 488 47 778 270 284 114 716 370 193 707 553 346 41 503 462 211 309 430 760 494 142 236 871 618 769 44 809 249 822 15 544 614 421 518 129 287 653 1
451 336 562 375 461 311 487 504 488 47 778 270 284 114 716 370 193 707 553 168 773 409 182 259 708 883 826 782 274 892 736 315 450 59 399 857 789 453 475 758 207 280 357 649 42 74 308 516 680 742 710 391 369 890 626 17 7 208 1
911 240 768 138 385 417 695 322 310 190 205 802 299 439 481 616 759 594 255 393 253 78 346 41 503 462 211 309 430 760 494 142 236 871 618 769 44 809 249 822 476 700 165 876 836 381 228 656 404 338 635 858 296 1
911 240 768 138 385 417 695 322 310 190 205 802 299 439 481 616 759 594 255 393 253 78 168 773 409 182 259 708 883 319 633 325 372 668 863 76 5 347 657 492 795 1
268 780 916 630 685 343 252 555 62 361 588 480 27 644 900 173 856 623 779 602 751 403 902 468 895 565 24 376 719 234 402 867 34 775 541 278 214 215 841 390 549 597 429 362 569 648 389 574 437 896 906 533 612 799 517 634 911 240 768 752 693 281 514 288 36 1
787 786 50 149 351 912 714 60 667 179 478 776 37 527 905 540 916 630 685 343 252 555 62 361 588 480 27 644 900 173 856 623 779 602 751 403 902 468 895 565 24 376 719 234 402 867 34 775 541 278 214 215 277 92 354 227 124 53 239 753 625 35 297 192 641 245 332 660 1
763 463 508 265 5 347 657 492 691 10 676 519 435 590 61 316 696 359 535 18 79 196 413 97 412 400 841 390 549 597 429 362 569 648 389 574 437 896 906 533 612 799 517 873 120 235 817 784 187 328 640 117 755 720 1
911 240 768 138 385 417 695 322 310 190 205 802 299 439 481 616 759 594 255 393 253 78 346 41 503 462 211 309 430 760 494 142 236 871 618 769 44 809 249 822 15 544 614 421 518 129 387 678 172 186 263 40 91 1
773 409 366 406 900 173 856 623 779 602 751 403 902 468 895 565 24 376 719 96 38 765 737 342 825 58 888 601 725 178 358 258 709 386 842 427 339 712 522 1
145 428 107 51 94 333 117 755 720 405 378 866 341 798 256 55 643 461 311 487 504 488 47 778 270 284 114 716 370 193 707 553 346 41 503 462 211 309 430 760 494 142 236 871 618 769 44 809 249 822 15 544 614 421 518 129 287 653 1
434 598 217 47 778 270 284 114 716 370 193 707 553 168 773 409 182 259 708 883 826 782 274 892 736 315 450 59 399 857 789 453 475 758 207 280 357 649 42 74 308 516 680 742 710 391 369 890 626 17 7 208 1
357 649 42 74 308 810 803 266 447 764 874 458 610 460 638 829 56 748 785 532 567 703 696 359 915 269 285 727 455 96 38 765 737 342 825 58 888 601 725 178 358 258 709 386 842 19 472 1
807 313 379 166 551 838 303 678 172 186 263 40 91 110 83 588 480 27 644 900 173 856 623 779 602 751 403 902 468 895 565 24 376 719 234 402 867 34 775 541 278 214 215 277 92 354 227 124 53 239 753 625 35 297 192 641 245 112 11 1
281 514 732 63 107 51 94 333 117 755 720 405 378 866 341 798 256 55 643 461 311 487 504 488 47 778 270 284 114 716 370 193 707 553 346 41 503 462 211 309 430 760 494 142 236 871 618 769 44 809 249 822 15 544 614 421 903 144 1
169 223 220 738 94 333 117 755 720 405 378 866 341 798 256 55 643 461 311 487 504 488 47 778 270 284 114 716 370 193 707 553 168 773 409 182 259 708 883 319 633 325 298 500 118 524 442 1
264 526 307 378 866 341 798 256 55 643 461 311 487 504 488 47 778 270 284 114 716 370 193 707 553 168 773 409 182 259 708 883 319 633 325 372 668 157 615 411 797 449 651 886 155 854 846 502 830 498 67 808 337 1
821 734 131 504 488 47 778 270 284 114 716 370 193 707 553 168 773 409 182 259 708 883 826 782 274 892 736 315 450 59 399 857 789 453 475 758 207 280 874 458 610 460 638 1
534 843 901 251 786 50 149 351 912 714 60 667 179 478 776 37 527 905 540 916 630 685 343 252 555 62 361 588 480 27 644 900 173 856 623 779 602 751 403 902 468 895 565 24 376 719 234 402 867 34 775 541 278 214 215 841 390 549 597 429 362 569 648 389 574 437 896 906 533 612 799 866 341 798 1
80 179 478 776 37 527 905 540 916 630 685 343 252 555 62 361 588 480 27 644 900 173 856 623 779 602 751 403 902 468 895 565 24 376 719 96 38 765 737 342 825 58 888 601 725 178 358 258 709 386 842 427 339 712 522 1
283 465 310 190 205 802 299 439 481 616 759 594 255 393 253 78 168 773 409 182 259 708 883 826 782 274 892 736 315 450 59 399 857 789 453 475 758 207 280 357 649 42 74 308 516 680 742 710 391 369 890 626 17 7 208 1
726 717 855 135 5 347 657 492 691 10 676 519 435 590 61 316 696 359 535 18 79 196 413 97 412 400 841 390 549 597 429 362 569 648 389 574 437 896 906 533 612 799 517 634 911 240 768 752 693 281 514 732 63 107 51 1
13 292 586 884 410 323 293 341 798 256 55 643 461 311 487 504 488 47 778 270 284 114 716 370 193 707 553 346 41 503 462 211 309 430 760 494 142 236 871 618 769 44 809 249 822 15 544 614 421 518 129 387 678 440 564 1
3 164 9 441 879 659 360 132 674 587 465 310 190 205 802 299 439 481 616 759 594 255 393 253 78 346 41 503 462 211 309 430 760 494 142 236 871 618 769 44 809 249 822 476 700 165 756 824 170 314 163 395 754 1
268 780 916 630 685 343 252 555 62 361 588 480 27 644 900 173 856 623 779 602 751 403 902 468 895 565 24 376 719 96 38 765 737 342 825 58 888 601 725 178 358 258 709 386 741 125 139 220 738 281 514 288 36 1
911 240 768 138 385 417 695 322 310 190 205 802 299 439 481 616 759 594 255 393 253 78 346 41 503 462 211 309 430 760 494 142 236 871 618 769 44 809 249 822 83 452 907 878 241 372 668 863 76 5 347 657 492 795 1
169 223 220 738 94 333 117 755 720 405 378 866 341 798 256 55 643 461 311 487 504 488 47 57 654 122 773 409 182 259 708 883 319 633 325 298 500 118 524 442 1
80 852 6 580 172 186 903 144 645 561 604 737 342 825 58 888 601 725 178 358 258 709 386 842 427 339 712 522 1
821 734 131 504 488 47 57 654 122 773 409 182 259 708 883 826 782 274 892 736 315 450 59 399 857 789 453 475 758 207 280 874 458 610 460 638 1
763 463 508 265 5 347 657 492 691 10 676 519 435 590 61 316 696 359 535 18 79 196 413 97 412 400 277 92 821 734 69 648 389 574 437 896 906 533 612 799 517 873 120 235 817 784 187 328 640 117 755 720 1
749 794 666 848 337 887 646 542 262 813 750 552 243 793 150 676 519 435 590 61 316 696 359 535 18 79 196 413 97 412 400 841 390 549 597 429 362 569 648 389 574 437 896 906 533 612 799 517 634 911 240 768 752 693 281 514 288 36 108 123 164 1
13 292 586 884 410 323 293 341 798 256 806 326 744 506 247 21 217 47 778 270 284 114 716 370 193 707 553 346 41 503 462 211 309 430 760 494 142 236 871 618 769 44 809 249 822 15 544 614 421 518 129 387 678 440 564 1
752 693 254 583 740 328 640 117 755 720 405 378 866 341 798 256 55 643 461 311 487 504 488 47 57 654 122 773 409 182 259 708 883 826 782 274 892 736 315 450 59 399 857 789 453 475 758 207 280 874 458 610 460 638 1
357 649 42 74 308 810 803 266 447 764 874 458 610 460 638 829 56 748 785 532 567 703 130 507 690 191 406 900 173 856 623 779 602 751 403 902 468 895 565 24 376 719 96 38 765 737 342 825 58 888 601 725 178 358 258 709 386 842 19 472 1
145 428 107 51 94 333 117 755 720 405 378 866 341 798 256 806 326 744 506 247 21 217 47 778 270 284 114 716 370 193 707 553 346 41 503 462 211 309 430 760 494 142 236 871 618 769 44 809 249 822 15 544 614 421 518 129 287 653 1
807 313 379 166 551 838 303 678 172 186 263 40 91 110 83 588 480 27 644 900 173 856 623 779 602 751 403 902 468 895 565 24 376 719 234 402 867 34 775 541 278 214 215 841 390 549 597 429 362 569 620 747 35 297 192 641 245 112 11 1
264 526 307 378 866 341 798 256 55 643 461 311 487 504 488 47 57 654 122 773 409 182 259 708 883 319 633 325 372 668 157 615 411 797 449 651 886 155 854 846 502 830 498 67 808 337 1
288 36 108 209 132 674 587 465 310 190 205 802 299 439 481 616 759 594 255 393 253 78 346 41 503 462 211 309 430 760 494 142 236 871 618 769 44 809 221 444 708 883 826 782 274 892 736 315 450 59 399 857 789 453 475 758 207 280 357 649 42 74 308 810 803 266 447 764 1
283 465 310 190 205 802 299 439 481 616 759 594 255 393 253 78 346 41 503 462 211 309 430 760 494 142 236 871 618 769 44 809 221 444 708 883 826 782 274 892 736 315 450 59 399 857 789 453 475 758 207 280 357 649 42 74 308 516 680 742 710 391 369 890 626 17 7 208 1
718 521 408 6 580 172 186 903 144 645 561 604 737 342 825 58 888 601 725 178 358 258 709 386 741 125 139 603 126 108 209 132 674 587 1
842 427 339 762 401 879 659 360 132 674 587 465 310 190 205 802 299 439 481 616 759 594 255 393 253 78 346 41 503 462 211 309 430 760 494 142 236 871 618 769 44 809 249 822 476 700 165 876 344 636 443 509 596 348 1
3 164 9 441 879 659 360 132 674 587 465 310 190 205 802 299 439 481 616 759 594 255 393 253 78 168 773 409 366 406 828 809 249 822 476 700 165 756 824 170 314 163 395 754 1
911 240 768 138 385 417 695 322 310 190 205 802 299 439 481 616 759 594 255 393 253 78 168 773 409 366 406 828 809 249 822 476 700 165 876 836 381 228 656 404 338 635 858 296 1
162 655 586 884 410 323 293 341 798 256 55 643 461 311 487 504 488 47 57 654 122 773 409 182 259 708 883 319 633 325 372 668 157 615 411 797 449 651 886 155 854 82 1
451 336 562 375 461 311 487 504 488 47 57 654 122 773 409 182 259 708 883 826 782 274 892 736 315 450 59 399 857 789 453 475 758 207 280 357 649 42 74 308 516 680 742 710 391 369 890 626 17 7 208 1
281 514 288 36 108 209 132 674 587 465 310 190 205 802 299 439 481 616 759 594 255 393 253 78 346 41 503 462 211 309 430 760 494 142 236 871 618 769 44 809 249 822 15 544 614 421 903 144 1
534 843 901 251 786 50 149 351 912 714 60 6 580 172 186 263 40 91 110 83 588 480 27 644 900 173 856 623 779 602 751 403 902 468 895 565 24 376 719 234 402 867 34 775 541 278 214 215 841 390 549 597 429 362 569 648 389 574 437 896 906 533 612 799 866 341 798 1
726 717 855 135 5 347 657 492 691 10 676 519 435 590 61 316 696 359 535 18 79 196 413 97 412 400 277 92 821 734 69 648 389 574 437 896 906 533 612 799 517 634 911 240 768 752 693 281 514 732 63 107 51 1
134 102 776 37 527 905 540 916 630 685 343 252 555 62 361 588 480 27 644 900 173 856 623 779 602 751 403 902 468 895 565 24 376 719 96 38 765 737 342 825 58 888 601 725 178 358 258 709 386 741 125 139 220 738 254 583 740 1
434 598 217 47 57 654 122 773 409 182 259 708 883 826 782 274 892 736 315 450 59 399 857 789 453 475 758 207 280 357 649 42 74 308 516 680 742 710 391 369 890 626 17 7 208 1
773 409 366 406 900 173 856 623 779 602 751 403 902 468 895 565 24 376 719 96 38 765 737 342 825 58 888 601 725 178 358 258 709 386 741 125 139 603 126 231 9 505 522 1
787 786 50 149 351 912 714 60 667 179 478 776 37 527 905 540 916 630 685 343 252 555 62 361 588 480 27 644 900 173 856 623 779 602 751 403 902 468 895 565 24 376 719 234 402 867 34 775 541 278 214 215 841 390 549 597 429 362 569 620 747 35 297 192 641 245 332 660 1
911 240 768 138 385 417 695 322 310 190 205 802 299 439 481 616 759 594 255 393 253 78 168 773 409 366 406 828 809 249 822 15 544 614 421 518 129 387 678 172 186 263 40 91 1
281 514 288 36 108 209 132 674 587 465 310 190 205 802 299 439 481 616 759 594 255 393 253 78 346 41 503 462 211 309 430 760 494 142 236 871 618 769 44 809 249 822 15 544 614 421 518 129 287 653 1
