512 26 913 762 401 879 659 360 132 674 587 465 310 190 205 802 299 439 481 616 759 594 255 393 253 78 168 773 409 182 259 708 883 319 633 325 298 500 118 524 442 1
603 126 108 209 132 674 587 465 310 190 205 802 299 439 481 616 759 594 255 393 253 78 168 773 409 182 259 708 883 826 782 274 892 736 315 450 59 399 857 789 829 56 748 1
350 844 248 642 513 33 567 703 696 359 535 18 79 196 413 97 412 400 841 390 549 597 429 362 569 648 389 574 437 896 906 533 612 799 517 634 911 240 768 752 693 281 514 732 63 107 51 1
145 428 107 51 94 333 117 755 720 405 378 866 341 798 256 55 643 461 311 487 504 488 47 778 270 284 114 716 370 193 707 553 168 773 409 182 259 708 883 826 782 274 892 736 315 499 617 538 728 671 244 275 1
807 313 379 166 551 838 303 678 172 186 263 40 91 110 83 588 480 27 644 900 173 856 623 779 602 751 403 902 468 895 565 24 376 719 234 402 867 34 775 541 278 214 215 277 92 354 227 124 53 239 753 625 35 297 192 641 245 332 660 1
281 514 732 63 107 51 94 333 117 755 720 405 378 866 341 798 256 55 643 461 311 487 504 488 47 778 270 284 114 716 370 193 707 553 168 773 409 182 259 708 883 826 316 696 359 1
291 731 796 847 55 643 461 311 487 504 488 47 778 270 284 114 716 370 193 707 553 168 773 409 182 259 708 883 319 633 325 372 668 157 615 411 797 449 651 886 155 854 846 502 830 498 67 808 870 454 589 568 880 570 318 1
178 358 258 355 380 115 205 802 299 439 481 616 759 594 255 393 253 78 168 773 409 182 259 708 883 826 782 274 892 736 315 450 59 399 857 789 453 475 758 207 280 357 649 42 74 308 516 680 742 710 391 369 890 626 17 7 208 1
288 36 108 209 132 674 587 465 310 190 205 802 299 439 481 616 759 594 255 393 253 78 168 773 409 182 259 708 883 319 633 325 372 668 157 615 411 797 676 519 1
3 164 9 441 879 659 360 132 674 587 465 310 190 205 802 299 439 481 616 759 594 255 393 253 78 168 773 409 182 259 708 883 319 633 325 372 668 863 76 5 347 855 135 1
169 223 220 738 94 333 117 755 720 405 378 866 341 798 256 55 643 461 311 487 504 488 47 778 270 284 114 716 370 193 707 553 168 773 409 182 259 708 883 319 633 325 298 500 118 524 442 1
648 389 574 437 643 461 311 487 504 488 47 778 270 284 114 716 370 193 707 553 168 773 409 182 259 708 883 826 782 274 892 736 315 450 59 399 857 789 453 475 758 207 280 357 649 42 74 308 516 680 742 710 391 369 890 626 17 7 208 1
698 321 817 784 187 328 640 117 755 720 405 378 866 341 798 256 55 643 461 311 487 504 488 47 778 270 284 114 716 370 193 707 553 168 773 409 182 259 708 883 319 633 325 372 668 157 615 411 797 449 651 886 155 854 846 502 830 498 67 808 870 454 589 568 880 414 1
619 659 360 132 674 587 465 310 190 205 802 299 439 481 616 759 594 255 393 253 78 346 41 503 462 211 309 430 760 494 142 236 871 618 769 44 809 249 822 476 700 165 756 824 170 314 163 681 733 673 134 102 422 80 179 1
113 562 375 461 311 487 504 488 47 778 270 284 114 716 370 193 707 553 168 773 409 182 259 708 883 826 782 274 892 736 315 450 59 399 857 789 453 475 758 207 280 357 649 42 74 308 516 680 742 710 391 369 890 626 17 7 208 1
123 164 9 441 879 659 360 132 674 587 465 310 190 205 802 299 439 481 616 759 594 255 393 253 78 168 773 409 182 259 708 883 826 782 274 892 736 315 450 59 399 857 789 453 475 758 207 280 357 649 42 74 308 810 803 266 447 764 1
718 521 212 75 478 776 37 527 905 540 916 630 685 343 252 555 62 361 588 480 27 644 900 173 856 623 779 602 751 403 902 468 895 565 24 376 719 96 38 765 737 342 825 58 888 601 725 178 358 258 709 386 741 125 766 1
169 223 220 738 94 333 117 755 720 405 378 866 341 798 256 55 643 461 311 487 504 488 47 778 270 284 114 716 370 193 707 553 168 773 409 182 259 708 883 826 782 274 892 736 315 450 59 399 857 789 453 475 758 207 280 357 649 42 74 308 516 680 742 88 550 853 1
371 835 572 340 345 586 884 410 323 293 341 798 256 55 643 461 311 487 504 488 47 778 270 284 114 716 370 193 707 553 168 773 409 182 259 708 883 826 782 274 892 736 315 450 59 399 857 789 453 475 758 207 280 357 649 42 74 308 516 680 742 88 550 853 1
474 615 411 797 676 519 435 590 61 316 696 359 915 269 285 727 455 96 38 765 737 342 825 58 888 601 725 178 358 258 709 386 842 427 339 762 619 1
264 526 307 378 866 341 798 256 55 643 461 311 487 504 488 47 778 270 284 114 716 370 193 707 553 168 773 409 182 259 708 883 319 633 325 372 668 157 615 411 797 449 651 886 155 854 846 502 830 498 67 808 870 454 589 93 1
512 26 913 762 401 879 659 360 132 674 587 465 310 190 205 802 299 439 481 616 759 594 255 393 253 78 346 41 503 462 211 309 430 760 494 142 236 871 618 769 44 809 249 822 476 700 165 756 824 170 314 163 681 733 673 134 102 422 80 179 1
726 717 855 135 5 347 657 492 691 10 676 519 435 590 61 316 696 359 915 269 285 727 455 96 38 765 737 342 825 58 888 601 725 178 358 258 709 386 842 19 472 1
390 549 597 429 362 487 504 488 47 778 270 284 114 716 370 193 707 553 168 773 409 182 259 708 883 826 782 274 892 736 315 450 59 399 857 789 453 475 758 207 280 357 649 42 74 308 810 803 266 447 764 1
512 26 913 762 401 879 659 360 132 674 587 465 310 190 205 802 299 439 481 616 759 594 255 393 253 78 346 41 503 462 211 309 430 760 494 142 236 871 618 769 44 809 249 822 476 700 165 756 824 170 314 163 395 754 1
13 292 586 884 410 323 293 341 798 256 55 643 461 311 487 504 488 47 778 270 284 114 716 370 193 707 553 168 773 409 182 259 708 883 319 633 325 372 668 181 348 1
752 693 254 583 740 328 640 117 755 720 405 378 866 341 798 256 55 643 461 311 487 504 488 47 778 270 284 114 716 370 193 707 553 346 41 503 462 211 309 430 760 494 142 236 871 618 769 44 809 249 822 476 700 165 876 836 381 228 656 404 820 106 365 675 1
466 45 417 695 322 310 190 205 802 299 439 481 616 759 594 255 393 253 78 168 773 409 182 259 708 883 826 782 274 892 736 315 450 59 399 857 789 829 56 748 1
394 611 622 730 796 847 55 643 461 311 487 504 488 47 778 270 284 114 716 370 193 707 553 168 773 409 182 259 708 883 319 633 325 372 668 157 615 411 797 449 651 886 155 854 846 502 830 498 67 808 870 454 589 568 880 414 1
334 384 410 323 293 341 798 256 55 643 461 311 487 504 488 47 778 270 284 114 716 370 193 707 553 168 773 409 182 259 708 883 319 633 325 372 668 157 615 411 797 449 651 886 155 854 846 502 830 498 67 808 870 454 589 568 305 794 666 848 1
752 693 254 583 740 328 640 117 755 720 405 378 866 341 798 256 55 643 461 311 487 504 488 47 778 270 284 114 716 370 193 707 553 168 773 409 182 259 708 883 319 633 325 372 668 863 76 763 463 229 800 365 675 1
718 521 408 6 580 172 186 903 144 645 561 604 737 342 825 58 888 601 725 178 358 258 709 386 741 125 766 1
619 659 360 132 674 587 465 310 190 205 802 299 439 481 616 759 594 255 393 253 78 346 41 503 462 211 309 430 760 494 142 236 871 618 769 44 809 249 822 15 544 614 421 518 129 387 70 783 60 667 179 1
178 358 258 355 380 115 205 802 299 439 481 616 759 594 255 393 253 78 346 41 503 462 211 309 430 760 494 142 236 871 618 769 44 809 221 444 708 883 826 782 274 892 736 315 450 59 399 857 789 453 475 758 207 280 357 649 42 74 308 516 680 742 710 391 369 890 626 17 7 208 1
169 223 220 738 94 333 117 755 720 405 378 866 341 798 256 55 643 461 311 487 504 488 47 57 654 122 773 409 182 259 708 883 319 633 325 298 500 118 524 442 1
350 844 248 642 513 33 567 703 696 359 535 18 79 196 413 97 412 400 277 92 821 734 69 648 389 574 437 896 906 533 612 799 517 634 911 240 768 752 693 281 514 732 63 107 51 1
474 615 411 797 676 519 435 590 61 316 130 507 690 191 406 900 173 856 623 779 602 751 403 902 468 895 565 24 376 719 96 38 765 737 342 825 58 888 601 725 178 358 258 709 386 842 427 339 762 619 1
288 36 108 209 132 674 587 465 310 190 205 802 299 439 481 616 759 594 255 393 253 78 346 41 503 462 211 309 430 760 494 142 236 871 618 769 44 809 249 822 83 452 907 878 241 372 668 157 615 411 797 676 519 1
281 514 732 63 107 51 94 333 117 755 720 405 378 866 341 798 256 55 643 461 311 487 504 488 47 57 654 122 773 409 182 259 708 883 826 316 696 359 1
3 164 9 441 879 659 360 132 674 587 465 310 190 205 802 299 439 481 616 759 594 255 393 253 78 346 41 503 462 211 309 430 760 494 142 236 871 618 769 44 809 249 822 83 452 907 878 241 372 668 863 76 5 347 855 135 1
466 45 417 695 322 310 190 205 802 299 439 481 616 759 594 255 393 253 78 346 41 503 462 211 309 430 760 494 142 236 871 618 769 44 809 221 444 708 883 826 782 274 892 736 315 450 59 399 857 789 829 56 748 1
291 731 796 847 55 643 461 311 487 504 488 47 57 654 122 773 409 182 259 708 883 319 633 325 372 668 157 615 411 797 449 651 886 155 854 846 502 830 498 67 808 870 454 589 568 880 570 318 1
334 384 410 323 293 341 798 256 55 643 461 311 487 504 488 47 57 654 122 773 409 182 259 708 883 319 633 325 372 668 157 615 411 797 449 651 886 155 854 846 502 830 498 67 808 870 454 589 568 305 794 666 848 1
264 526 307 378 866 341 798 256 55 643 461 311 487 504 488 47 57 654 122 773 409 182 259 708 883 319 633 325 372 668 157 615 411 797 449 651 886 155 854 846 502 830 498 67 808 870 454 589 93 1
512 26 913 762 401 879 659 360 132 674 587 465 310 190 205 802 299 439 481 616 759 594 255 393 253 78 168 773 409 366 406 828 809 249 822 476 700 165 756 824 170 314 163 395 754 1
726 717 855 135 5 347 657 492 691 10 676 519 435 590 61 316 130 507 690 191 406 900 173 856 623 779 602 751 403 902 468 895 565 24 376 719 96 38 765 737 342 825 58 888 601 725 178 358 258 709 386 842 19 472 1
648 389 574 437 643 461 311 487 504 488 47 57 654 122 773 409 182 259 708 883 826 782 274 892 736 315 450 59 399 857 789 453 475 758 207 280 357 649 42 74 308 516 680 742 710 391 369 890 626 17 7 208 1
123 164 9 441 879 659 360 132 674 587 465 310 190 205 802 299 439 481 616 759 594 255 393 253 78 346 41 503 462 211 309 430 760 494 142 236 871 618 769 44 809 221 444 708 883 826 782 274 892 736 315 450 59 399 857 789 453 475 758 207 280 357 649 42 74 308 810 803 266 447 764 1
390 549 597 429 362 487 504 488 47 57 654 122 773 409 182 259 708 883 826 782 274 892 736 315 450 59 399 857 789 453 475 758 207 280 357 649 42 74 308 810 803 266 447 764 1
512 26 913 762 401 879 659 360 132 674 587 465 310 190 205 802 299 439 481 616 759 594 255 393 253 78 346 41 503 462 211 309 430 760 494 142 236 871 618 769 44 809 249 822 15 544 614 421 518 129 387 70 783 60 667 179 1
13 292 586 884 410 323 293 341 798 256 55 643 461 311 487 504 488 47 57 654 122 773 409 182 259 708 883 319 633 325 372 668 181 348 1
145 428 107 51 94 333 117 755 720 405 378 866 341 798 256 55 643 461 311 487 504 488 47 57 654 122 773 409 182 259 708 883 826 782 274 892 736 315 499 617 538 728 671 244 275 1
113 562 375 461 311 487 504 488 47 57 654 122 773 409 182 259 708 883 826 782 274 892 736 315 450 59 399 857 789 453 475 758 207 280 357 649 42 74 308 516 680 742 710 391 369 890 626 17 7 208 1
371 835 572 340 345 586 884 410 323 293 341 798 256 55 643 461 311 487 504 488 47 57 654 122 199 727 773 409 182 259 708 883 826 782 274 892 736 315 450 59 399 857 789 453 475 758 207 280 357 649 42 74 308 516 680 742 88 550 853 1
169 223 220 738 94 333 117 755 720 405 378 866 341 798 256 55 643 461 311 487 504 488 47 57 654 122 199 727 773 409 182 259 708 883 826 782 274 892 736 315 450 59 399 857 789 453 475 758 207 280 357 649 42 74 308 516 680 742 88 550 853 1
512 26 913 762 401 879 659 360 132 674 587 465 310 190 205 802 299 439 481 616 759 594 255 393 253 78 346 41 503 462 211 309 430 760 494 142 236 871 618 769 44 809 249 822 83 452 907 878 241 298 500 118 524 442 1
603 126 108 209 132 674 587 465 310 190 205 802 299 439 481 616 759 594 255 393 253 78 346 41 503 462 211 309 430 760 494 142 236 871 618 769 44 809 221 444 708 883 826 782 274 892 736 315 450 59 399 857 789 829 56 748 1
394 611 622 730 796 847 55 643 461 311 487 504 488 47 57 654 122 773 409 182 259 708 883 319 633 325 372 668 157 615 411 797 449 651 886 155 854 846 502 830 498 67 808 870 454 589 568 880 414 1
807 313 379 166 551 838 303 678 172 186 263 40 91 110 83 588 480 27 644 900 173 856 623 779 602 751 403 902 468 895 565 24 376 719 234 402 867 34 775 541 278 214 215 841 390 549 597 429 362 569 620 747 35 297 192 641 245 332 660 1
698 321 817 784 187 328 640 117 755 720 405 378 866 341 798 256 55 643 461 311 487 504 488 47 57 654 122 199 727 773 409 182 259 708 883 319 633 325 372 668 157 615 411 797 449 651 886 155 854 846 502 830 498 67 808 870 454 589 568 880 414 1
