162 655 586 884 410 323 293 341 798 256 55 643 461 311 487 504 488 47 778 270 284 114 716 370 193 707 553 346 41 503 462 211 309 430 760 494 142 236 871 618 769 44 809 249 822 15 544 614 421 518 129 387 678 172 186 263 40 91 1
372 668 157 615 411 797 676 519 435 590 61 316 696 359 535 18 79 196 413 97 412 400 841 390 549 597 429 362 569 648 389 574 437 896 906 533 612 799 517 634 911 240 768 138 385 417 695 322 1
516 680 742 88 550 853 810 803 266 447 764 874 458 610 460 638 829 56 748 785 532 567 703 696 359 915 269 285 727 455 96 38 765 737 342 825 58 888 601 725 178 358 258 709 386 842 427 339 712 522 1
752 693 254 583 740 328 640 117 755 720 405 378 866 341 798 256 55 643 461 311 487 504 488 47 778 270 284 114 716 370 193 707 553 168 773 409 182 259 708 883 319 633 325 298 500 435 590 61 1
436 445 560 486 671 244 275 735 450 59 785 532 567 703 696 359 915 269 285 727 455 96 38 765 737 342 825 58 888 601 725 178 358 258 709 386 842 427 339 762 619 1
86 861 849 811 295 904 246 52 439 481 616 759 594 255 393 253 78 168 773 409 182 259 708 883 826 782 274 892 736 315 450 59 399 857 789 453 475 758 207 280 357 649 42 74 308 516 680 742 710 391 369 890 626 17 7 208 1
842 427 339 762 401 879 659 360 132 674 587 465 310 190 205 802 299 439 481 616 759 594 255 393 253 78 168 773 409 182 259 708 883 826 782 274 892 736 315 450 59 399 857 789 453 475 758 207 280 874 458 610 460 638 1
726 717 855 135 5 347 657 492 691 10 676 519 435 590 61 316 696 359 915 269 285 727 455 96 38 765 737 342 825 58 888 601 725 178 358 258 709 386 842 427 339 712 522 1
698 321 817 784 187 328 640 117 755 720 405 378 866 341 798 256 55 643 461 311 487 504 488 47 778 270 284 114 716 370 193 707 553 168 773 409 182 259 708 883 319 633 881 272 1
628 22 860 261 112 11 246 52 439 481 616 759 594 255 393 253 78 168 773 409 182 259 708 883 826 782 274 892 736 315 450 59 399 857 789 453 475 758 207 280 357 649 42 74 308 516 680 742 710 391 369 890 626 17 7 208 1
808 337 887 646 542 262 813 750 552 243 793 150 676 519 435 590 61 316 696 359 535 18 79 196 413 97 412 400 841 390 549 597 429 362 569 648 389 574 437 896 906 533 612 799 517 634 911 240 768 752 693 281 514 288 36 231 9 505 1
842 427 339 762 401 879 659 360 132 674 587 465 310 190 205 802 299 439 481 616 759 594 255 393 253 78 168 773 409 182 259 708 883 826 782 274 892 736 315 450 59 399 857 789 453 475 758 207 280 357 649 42 74 308 516 680 742 88 550 853 1
201 60 667 179 478 776 37 527 905 540 916 630 685 343 252 555 62 361 588 480 27 644 900 173 856 623 779 602 751 403 902 468 895 565 24 376 719 234 402 867 34 775 541 278 214 215 841 390 549 597 429 362 569 648 389 574 437 896 906 533 612 799 517 634 911 240 768 138 385 1
512 26 913 762 401 879 659 360 132 674 587 465 310 190 205 802 299 439 481 616 68 279 697 575 388 242 143 746 216 66 491 1
302 573 705 4 233 105 151 556 242 143 746 216 66 491 585 226 358 258 709 386 842 427 339 762 401 879 659 360 1
80 179 478 776 37 527 905 540 916 630 685 343 252 555 62 361 588 480 27 644 900 173 856 623 779 602 751 403 902 468 895 565 24 376 719 234 402 867 34 775 541 278 214 215 841 390 549 597 429 362 569 648 389 574 437 896 906 533 612 799 517 634 911 240 768 752 693 281 514 732 63 107 51 1
103 566 414 305 794 666 848 337 887 646 542 262 813 750 552 243 793 150 676 519 435 590 61 316 696 359 535 18 79 196 413 97 412 400 841 390 549 597 429 362 569 648 389 574 437 896 906 533 612 799 517 634 911 240 768 138 385 169 223 1
145 428 107 51 94 333 117 755 720 405 378 866 341 798 256 55 643 461 311 487 504 488 47 778 270 284 114 716 370 193 707 553 168 773 409 182 259 708 883 826 782 274 426 350 844 248 331 761 771 715 1
512 26 913 762 401 879 659 360 132 674 587 465 310 190 205 802 299 439 481 616 759 594 255 393 253 78 168 773 409 182 259 708 883 319 633 325 372 668 157 615 411 797 676 519 1
434 598 217 47 778 270 284 114 716 370 193 707 553 168 773 409 182 259 708 883 826 782 274 892 736 315 450 59 399 857 789 453 475 758 207 280 357 649 42 74 308 516 680 742 710 391 369 890 626 17 7 208 1
710 391 369 890 626 17 7 208 88 550 853 810 803 266 447 764 874 458 610 460 638 829 56 748 785 532 567 703 696 359 535 18 79 196 413 97 412 400 841 390 549 597 429 362 569 648 389 574 437 896 906 533 612 799 517 634 911 240 768 138 385 417 695 322 1
698 321 817 784 187 328 640 117 755 720 405 378 866 330 146 297 192 641 245 112 11 246 52 439 481 616 68 279 697 301 302 573 20 893 431 534 843 901 251 786 50 149 351 1
80 179 478 776 37 527 905 540 916 630 685 343 252 555 62 361 588 480 27 644 900 173 856 623 779 602 751 403 902 468 895 565 24 376 719 96 38 765 737 342 825 58 888 601 725 178 358 258 709 386 741 125 139 220 738 94 333 117 755 720 1
747 35 297 192 641 245 112 11 246 52 439 481 616 759 594 255 393 253 78 168 773 409 182 259 708 883 826 782 274 892 736 315 450 59 399 857 789 453 475 758 207 280 357 649 42 74 308 516 680 742 710 391 369 890 626 17 7 208 1
116 23 279 697 575 388 242 143 746 216 66 491 585 226 156 290 658 772 81 526 307 634 911 240 768 138 385 1
137 189 141 323 293 341 798 256 55 643 461 311 487 504 488 47 778 270 284 114 716 370 193 707 553 346 41 503 462 211 309 430 760 494 142 236 871 618 769 44 809 249 822 15 544 614 421 518 129 387 678 440 564 1
846 813 750 552 243 793 150 676 519 435 590 61 316 696 359 535 18 79 196 413 97 412 400 841 390 549 597 429 362 569 648 389 574 437 896 906 533 612 799 517 634 911 240 768 752 693 281 514 732 63 107 51 1
139 220 738 94 333 117 755 720 405 378 866 341 798 256 55 643 461 311 487 504 488 47 778 270 284 114 716 370 193 707 553 168 773 409 182 259 708 883 826 782 274 892 736 315 450 59 399 857 789 453 475 758 207 280 357 649 42 74 308 810 803 266 447 764 1
231 9 441 879 659 360 132 674 587 465 310 190 205 802 299 439 481 616 759 594 255 393 253 78 346 41 503 462 211 309 430 760 494 142 236 871 618 769 44 809 249 822 83 452 907 686 914 1
169 223 220 738 94 333 117 755 720 405 378 866 341 798 256 55 643 461 311 487 504 488 47 778 270 284 114 716 370 193 707 553 168 773 409 182 259 708 883 826 782 274 892 736 315 450 59 399 857 789 453 475 758 207 280 357 649 42 74 308 516 680 742 710 391 369 890 626 17 7 208 1
747 689 872 256 55 643 461 311 487 504 488 47 778 270 284 114 716 370 193 707 553 168 773 409 182 259 708 883 826 782 274 892 736 315 450 59 399 857 789 453 475 758 207 280 357 649 42 74 308 516 680 742 710 391 369 890 626 17 7 208 1
80 179 478 776 37 527 905 540 916 630 685 343 252 555 62 361 588 480 27 644 900 173 856 623 779 602 751 403 902 468 895 565 24 376 719 96 38 765 737 342 825 58 888 601 725 178 358 258 709 386 741 125 139 220 738 281 514 732 63 107 51 1
302 573 705 4 233 105 151 556 242 143 493 608 554 66 491 585 226 358 258 709 386 842 427 339 762 619 659 360 1
116 23 279 697 575 388 242 143 493 608 554 66 491 585 226 156 290 658 772 81 526 307 378 517 634 911 240 768 138 385 1
139 220 738 94 333 117 755 720 405 378 866 341 798 256 55 643 461 311 487 504 488 47 57 654 122 199 727 773 409 182 259 708 883 826 782 274 892 736 315 450 59 399 857 789 453 475 758 207 280 357 649 42 74 308 810 803 266 447 764 1
846 813 750 552 243 793 150 676 519 435 590 61 316 696 359 535 18 79 196 413 97 412 400 277 92 821 734 69 648 389 574 437 896 906 533 612 799 517 634 911 240 768 752 693 281 514 732 63 107 51 1
698 321 817 784 187 328 640 138 385 417 695 322 310 190 205 802 299 439 481 616 68 279 697 301 302 573 20 893 431 534 843 901 251 786 50 149 351 1
512 26 913 762 619 659 360 132 674 587 465 310 190 205 802 299 439 481 616 68 279 697 575 388 242 143 493 608 554 66 491 1
145 428 107 51 94 333 117 755 720 405 378 866 341 798 256 55 643 461 311 487 504 488 47 57 654 122 773 409 182 259 708 883 826 782 274 426 350 844 248 331 761 771 715 1
628 22 860 261 112 11 246 52 439 481 616 759 594 255 393 253 78 346 41 503 462 211 309 430 760 494 142 236 871 618 769 44 809 221 444 708 883 826 782 274 892 736 315 450 59 399 857 789 453 475 758 207 280 357 649 42 74 308 516 680 742 710 391 369 890 626 17 7 208 1
86 861 849 811 295 904 246 52 439 481 616 759 594 255 393 253 78 346 41 503 462 211 309 430 760 494 142 236 871 618 769 44 809 221 444 708 883 826 782 274 892 736 315 450 59 399 857 789 453 475 758 207 280 357 649 42 74 308 516 680 742 710 391 369 890 626 17 7 208 1
726 717 855 135 5 347 657 492 691 10 676 519 435 590 61 316 130 507 690 191 406 900 173 856 623 779 602 751 403 902 468 895 565 24 376 719 96 38 765 737 342 825 58 888 601 725 178 358 258 709 386 842 427 339 712 522 1
372 668 157 615 411 797 676 519 435 590 61 316 696 359 535 18 79 196 413 97 412 400 277 92 354 227 124 53 136 546 54 627 204 225 374 86 658 772 81 466 45 417 695 322 1
842 427 339 762 401 879 659 360 132 674 587 465 310 190 205 802 299 439 481 616 759 594 255 393 253 78 346 41 503 462 211 309 430 760 494 142 236 871 618 769 44 809 221 444 708 883 826 782 274 892 736 315 450 59 399 857 789 453 475 758 207 280 874 458 610 460 638 1
842 427 339 762 401 879 659 360 132 674 587 465 310 190 205 802 299 439 481 616 759 594 255 393 253 78 346 41 503 462 211 309 430 760 494 142 236 871 618 769 44 809 221 444 708 883 826 782 274 892 736 315 450 59 399 857 789 453 475 758 207 280 357 649 42 74 308 516 680 742 88 550 853 1
752 693 254 583 740 328 640 117 755 720 405 378 866 341 798 256 55 643 461 311 487 504 488 47 57 654 122 773 409 182 259 708 883 319 633 325 298 500 435 590 61 1
436 445 560 486 671 244 275 735 450 59 785 532 567 703 130 507 690 191 406 900 173 856 623 779 602 751 403 902 468 895 565 24 376 719 96 38 765 737 342 825 58 888 601 725 178 358 258 709 386 842 427 339 762 619 1
162 655 586 884 410 323 293 341 798 256 806 326 744 506 247 21 217 47 778 270 284 114 716 370 193 707 553 346 41 503 462 211 309 430 760 494 142 236 871 618 769 44 809 249 822 15 544 614 421 518 129 387 678 172 186 263 40 91 1
80 852 6 580 172 186 903 144 645 561 604 737 342 825 58 888 601 725 178 358 258 709 386 741 125 139 220 738 94 333 117 755 720 1
512 26 913 762 401 879 659 360 132 674 587 465 310 190 205 802 299 439 481 616 759 594 255 393 253 78 346 41 503 462 211 309 430 760 494 142 236 871 618 769 44 809 249 822 83 452 907 878 241 372 668 157 615 411 797 676 519 1
808 337 887 646 542 262 813 750 552 243 793 150 676 519 435 590 61 316 696 359 915 269 285 727 455 96 38 765 737 342 825 58 888 601 725 178 358 258 709 386 741 125 139 603 126 231 9 505 1
201 60 6 580 172 186 263 40 91 110 83 588 480 27 644 900 173 856 623 779 602 751 403 902 468 895 565 24 376 719 234 402 867 34 775 541 278 214 215 841 390 549 597 429 362 569 648 389 574 437 896 906 533 612 799 517 634 911 240 768 138 385 1
710 391 369 890 626 17 7 208 88 550 853 810 803 266 447 764 874 458 610 460 638 829 56 748 785 532 567 703 696 359 535 18 79 196 413 97 412 400 277 92 354 227 124 53 136 546 54 627 204 225 374 86 658 772 81 466 45 417 695 322 1
516 680 742 88 550 853 810 803 266 447 764 874 458 610 460 638 829 56 748 785 532 567 703 130 507 690 191 406 900 173 856 623 779 602 751 403 902 468 895 565 24 376 719 96 38 765 737 342 825 58 888 601 725 178 358 258 709 386 842 427 339 712 522 1
698 321 817 784 187 328 640 117 755 720 405 378 866 341 798 256 55 643 461 311 487 504 488 47 57 654 122 773 409 182 259 708 883 319 633 881 272 1
169 223 220 738 94 333 117 755 720 405 378 866 341 798 256 806 326 744 506 247 21 217 47 57 654 122 773 409 182 259 708 883 826 782 274 892 736 315 450 59 399 857 789 453 475 758 207 280 357 649 42 74 308 516 680 742 710 391 369 890 626 17 7 208 1
103 566 414 305 794 666 848 337 887 646 542 262 813 750 552 243 793 150 676 519 435 590 61 316 696 359 535 18 79 196 413 97 412 400 277 92 354 227 124 53 136 546 54 627 204 225 374 86 658 772 81 466 45 169 223 1
434 598 217 47 57 654 122 773 409 182 259 708 883 826 782 274 892 736 315 450 59 399 857 789 453 475 758 207 280 357 649 42 74 308 516 680 742 710 391 369 890 626 17 7 208 1
137 189 141 323 293 341 798 256 806 326 744 506 247 21 217 47 778 270 284 114 716 370 193 707 553 346 41 503 462 211 309 430 760 494 142 236 871 618 769 44 809 249 822 15 544 614 421 518 129 387 678 440 564 1
231 9 441 879 659 360 132 674 587 465 310 190 205 802 299 439 481 616 759 594 255 393 253 78 168 773 409 182 259 407 605 606 834 686 914 1
