801 572 340 345 586 884 410 323 293 341 798 256 55 643 461 311 487 504 488 47 778 270 284 114 716 370 193 707 553 346 41 503 462 211 309 430 760 494 142 236 871 618 769 44 809 249 822 15 544 614 421 518 129 387 678 172 664 1
726 717 855 135 5 347 657 492 691 10 676 519 435 590 61 316 696 359 915 269 285 727 455 96 38 765 737 342 825 58 888 601 725 178 358 258 709 386 842 427 339 762 401 3 164 1
319 633 325 298 500 435 590 61 316 696 359 535 18 79 196 413 97 412 400 841 390 549 597 429 362 569 648 389 574 437 896 906 533 612 799 517 873 120 235 817 784 187 328 640 117 755 720 1
28 23 279 697 575 388 242 143 746 216 66 491 585 226 358 258 709 386 741 125 139 220 738 254 583 469 1
145 428 107 51 94 333 117 755 720 405 378 866 341 798 256 55 643 461 311 487 504 488 47 778 270 284 114 716 370 193 707 553 168 773 409 182 259 708 883 826 782 274 426 350 844 248 331 743 1
787 786 50 149 351 912 714 60 6 580 172 186 903 144 645 561 604 737 342 825 58 888 601 725 178 156 290 658 772 81 466 45 417 695 322 1
518 129 387 678 172 186 263 40 91 110 83 588 480 27 644 900 173 856 623 779 602 751 403 902 468 895 565 24 376 719 234 402 867 34 775 541 278 214 215 841 390 549 597 429 362 569 648 389 574 437 896 906 533 612 799 866 341 798 1
453 475 758 207 280 874 458 610 460 638 829 56 748 785 532 567 703 696 359 915 269 285 727 455 96 38 765 737 342 825 58 888 601 725 178 358 258 709 386 842 427 339 712 522 1
842 427 339 762 401 879 659 360 132 674 587 465 310 190 205 802 299 439 481 616 759 594 255 393 253 78 168 773 409 182 259 708 883 826 782 274 892 736 315 499 617 538 728 671 244 275 1
892 736 315 450 59 785 532 567 703 696 359 915 269 285 727 455 96 38 765 737 342 825 58 888 601 725 178 358 258 709 386 842 427 339 712 522 1
836 381 228 656 908 473 559 685 343 252 555 62 361 588 480 27 644 900 173 856 623 779 602 751 403 902 468 895 565 24 376 719 234 402 867 34 775 541 278 214 215 841 390 549 597 429 362 569 648 389 574 437 896 906 533 612 799 517 873 120 235 817 784 187 137 189 1
911 240 768 138 385 417 695 322 310 190 205 802 299 439 481 616 759 594 255 393 253 78 168 773 409 182 259 708 883 826 782 274 892 736 315 499 617 538 728 840 250 818 324 1
619 659 360 132 674 587 465 310 190 205 802 299 439 481 616 759 594 255 393 253 78 168 773 409 182 259 708 883 319 633 325 372 668 157 615 411 797 449 651 886 155 552 243 1
619 659 360 132 674 587 465 310 190 205 802 299 439 481 616 68 279 697 301 302 573 20 893 431 534 843 901 251 786 50 149 351 1
140 572 340 345 586 884 410 323 293 341 798 256 55 643 461 311 487 504 488 47 778 270 284 114 716 370 193 707 553 168 773 409 182 259 708 883 319 633 325 372 668 157 615 411 797 449 651 793 150 1
111 868 222 688 192 641 245 112 11 246 52 439 481 616 759 594 255 393 253 78 168 773 409 182 259 708 883 826 782 274 892 736 315 450 59 399 857 789 453 475 758 207 280 357 649 42 74 308 516 680 742 710 391 369 890 626 17 7 208 1
718 521 212 75 478 776 37 527 905 540 916 630 685 343 252 555 62 361 588 480 27 644 900 173 856 623 779 602 751 403 902 468 895 565 24 376 719 96 38 765 737 342 825 58 888 601 725 178 156 290 658 772 81 466 45 169 223 1
799 866 341 798 256 55 643 461 311 487 504 488 47 778 270 284 114 716 370 193 707 553 168 773 409 182 259 708 883 319 633 325 372 668 157 615 411 797 449 651 886 155 854 82 1
534 843 901 251 786 50 149 351 912 714 60 667 179 478 776 37 527 905 540 916 630 685 343 252 555 62 361 588 480 27 644 900 173 856 623 779 602 751 403 902 468 895 565 24 376 719 234 402 867 34 775 541 278 214 215 841 390 549 597 429 362 569 648 389 574 437 896 906 533 612 799 517 634 911 240 768 752 693 281 514 288 36 1
294 739 473 559 685 343 252 555 62 361 588 480 27 644 900 173 856 623 779 602 751 403 902 468 895 565 24 376 719 96 38 765 737 342 825 58 888 601 725 178 156 290 658 772 81 466 45 417 695 322 1
911 240 768 138 385 417 695 322 310 190 205 802 299 439 481 616 759 594 255 393 253 78 346 41 503 462 211 309 430 760 494 142 236 871 618 769 44 809 249 822 476 700 165 876 836 381 228 656 404 820 106 850 271 1
235 817 784 187 328 640 117 755 720 405 378 866 341 798 256 55 643 461 311 487 504 488 47 778 270 284 114 716 370 193 707 553 168 773 409 182 259 708 883 826 782 274 426 350 844 248 642 513 33 176 1
364 827 65 724 212 75 478 776 37 527 905 540 916 630 685 343 252 555 62 361 588 480 27 644 900 173 856 623 779 602 751 403 902 468 895 565 24 376 719 234 402 867 34 775 541 278 214 215 841 390 549 597 429 362 569 648 389 574 437 896 906 202 98 334 384 410 323 293 1
349 578 187 328 640 117 755 720 405 378 866 341 798 256 55 643 461 311 487 504 488 47 778 270 284 114 716 370 193 707 553 168 773 409 182 259 708 883 826 782 274 892 736 315 450 59 399 857 789 453 475 758 207 280 874 458 610 460 638 1
516 680 742 88 550 853 810 803 266 447 764 874 458 610 460 638 829 56 748 785 532 567 703 696 359 535 18 79 196 413 97 412 400 841 390 549 597 429 362 569 648 389 574 437 896 906 533 612 799 517 634 911 240 768 138 385 169 223 1
603 126 108 209 132 674 587 465 310 190 205 802 299 439 481 616 759 594 255 393 253 78 168 773 409 182 259 708 883 826 782 274 892 736 315 450 59 399 857 789 453 475 758 207 280 357 649 42 74 308 516 680 742 710 391 369 890 626 17 7 208 1
820 106 365 675 508 265 5 347 657 492 691 10 676 519 435 590 61 316 696 359 915 269 285 727 455 96 38 765 737 342 825 58 888 601 725 178 358 258 709 386 842 19 472 1
852 6 580 172 186 263 40 91 110 83 588 480 27 644 900 173 856 623 779 602 751 403 902 468 895 565 24 376 719 234 402 867 34 775 541 278 214 215 841 390 549 597 429 362 569 648 389 574 437 896 906 533 612 799 517 873 120 235 817 784 187 137 189 1
534 843 901 251 786 50 149 351 912 714 60 667 179 478 776 37 527 905 540 916 630 685 343 252 555 62 361 588 480 27 644 900 173 856 623 779 602 751 403 902 468 895 565 24 376 719 234 402 867 34 775 541 278 214 215 841 390 549 597 429 362 569 648 389 574 437 896 906 533 612 799 517 634 911 240 768 138 385 1
453 475 758 207 280 874 458 610 460 638 829 56 748 785 532 567 703 696 359 915 269 285 727 455 96 38 765 737 342 825 58 888 601 725 178 358 258 709 386 741 125 766 1
294 739 473 559 685 343 252 555 62 361 588 480 27 644 900 173 856 623 779 602 751 403 902 468 895 565 24 376 719 96 38 765 737 342 825 58 888 601 725 178 358 258 709 386 741 125 766 695 322 1
799 866 341 798 256 55 643 461 311 487 504 488 47 57 654 122 773 409 182 259 708 883 319 633 325 372 668 157 615 411 797 449 651 886 155 854 82 1
319 633 325 298 500 435 590 61 316 696 359 535 18 79 196 413 97 412 400 277 92 821 734 69 648 389 574 437 896 906 533 612 799 517 873 120 235 817 784 187 328 640 117 755 720 1
603 126 108 209 132 674 587 465 310 190 205 802 299 439 481 616 759 594 255 393 253 78 346 41 503 462 211 309 430 760 494 142 236 871 618 769 44 809 221 444 708 883 826 782 274 892 736 315 450 59 399 857 789 453 475 758 207 280 357 649 42 74 308 516 680 742 710 391 369 890 626 17 7 208 1
842 427 339 762 401 879 659 360 132 674 587 465 310 190 205 802 299 439 481 616 759 594 255 393 253 78 346 41 503 462 211 309 430 760 494 142 236 871 618 769 44 809 221 444 708 883 826 782 274 892 736 315 499 617 538 728 671 244 275 1
619 659 360 132 674 587 465 310 190 205 802 299 439 481 616 759 594 255 393 253 78 346 41 503 462 211 309 430 760 494 142 236 871 618 769 44 809 249 822 15 544 614 421 518 129 387 70 783 198 711 534 843 901 251 786 50 149 351 1
518 129 287 653 705 4 233 105 151 556 242 143 746 216 66 491 585 226 156 290 658 772 81 526 307 378 866 341 798 1
349 578 187 328 640 117 755 720 405 378 866 341 798 256 55 643 461 311 487 504 488 47 57 654 122 773 409 182 259 708 883 826 782 274 892 736 315 450 59 399 857 789 453 475 758 207 280 874 458 610 460 638 1
892 736 315 450 59 785 532 567 703 130 507 690 191 406 900 173 856 623 779 602 751 403 902 468 895 565 24 376 719 96 38 765 737 342 825 58 888 601 725 178 358 258 709 386 842 427 339 712 522 1
111 868 222 628 22 860 261 332 660 811 295 904 246 52 439 481 616 759 594 255 393 253 78 168 773 409 182 259 708 883 826 782 274 892 736 315 450 59 399 857 789 453 475 758 207 280 357 649 42 74 308 516 680 742 710 391 369 890 626 17 7 208 1
801 572 340 345 586 884 410 323 293 341 798 256 806 326 744 506 247 21 217 47 778 270 284 114 716 370 193 707 553 346 41 503 462 211 309 430 760 494 142 236 871 618 769 44 809 249 822 15 544 614 421 518 129 387 678 172 664 1
28 23 279 697 575 388 242 143 746 216 66 491 585 226 156 290 658 772 81 526 307 634 911 240 768 752 693 254 583 469 1
852 6 580 172 186 903 144 645 561 604 434 598 821 734 69 648 389 574 437 896 906 533 612 799 517 873 120 235 817 784 187 137 189 1
619 659 360 132 674 587 465 310 190 205 802 299 439 481 616 759 594 255 393 253 78 346 41 503 462 211 309 430 760 494 142 236 871 618 769 44 809 249 822 83 452 907 878 241 372 668 157 615 411 797 449 651 886 155 552 243 1
726 717 855 135 5 347 657 492 691 10 676 519 435 590 61 316 696 359 535 18 79 196 413 97 412 400 841 390 549 597 429 362 569 648 389 574 437 896 906 533 612 799 517 634 911 240 768 752 693 281 514 288 36 108 123 164 1
820 106 365 675 508 265 5 347 657 492 691 10 676 519 435 590 61 316 130 507 690 191 406 900 173 856 623 779 602 751 403 902 468 895 565 24 376 719 96 38 765 737 342 825 58 888 601 725 178 358 258 709 386 842 19 472 1
911 240 768 138 385 417 695 322 310 190 205 802 299 439 481 616 759 594 255 393 253 78 346 41 503 462 211 309 430 760 494 142 236 871 618 769 44 809 221 444 708 883 826 782 274 892 736 315 499 617 538 728 840 250 818 324 1
364 827 65 724 408 6 580 172 186 263 40 91 110 83 588 480 27 644 900 173 856 623 779 602 751 403 902 468 895 565 24 376 719 234 402 867 34 775 541 278 214 215 841 390 549 597 429 362 569 648 389 574 437 896 906 202 98 334 384 410 323 293 1
453 475 758 207 280 874 458 610 460 638 829 56 748 785 532 567 703 130 507 690 191 406 900 173 856 623 779 602 751 403 902 468 895 565 24 376 719 96 38 765 737 342 825 58 888 601 725 178 358 258 709 386 741 125 766 1
836 381 228 656 908 473 559 685 343 252 555 62 361 588 480 27 644 900 173 856 623 779 602 751 403 902 468 895 565 24 376 719 96 38 765 434 598 821 734 69 648 389 574 437 896 906 533 612 799 517 873 120 235 817 784 187 137 189 1
145 428 107 51 94 333 117 755 720 405 378 866 341 798 256 55 643 461 311 487 504 488 47 57 654 122 773 409 182 259 708 883 826 782 274 426 350 844 248 331 743 1
534 843 901 251 786 50 149 351 912 714 60 6 580 172 186 263 40 91 110 83 588 480 27 644 900 173 856 623 779 602 751 403 902 468 895 565 24 376 719 234 402 867 34 775 541 278 214 215 841 390 549 597 429 362 569 648 389 574 437 896 906 533 612 799 517 634 911 240 768 138 385 1
534 843 901 251 786 50 149 351 912 714 60 6 580 172 186 263 40 91 110 83 588 480 27 644 900 173 856 623 779 602 751 403 902 468 895 565 24 376 719 234 402 867 34 775 541 278 214 215 841 390 549 597 429 362 569 648 389 574 437 896 906 533 612 799 517 634 911 240 768 752 693 281 514 288 36 1
453 475 758 207 280 874 458 610 460 638 829 56 748 785 532 567 703 130 507 690 191 406 900 173 856 623 779 602 751 403 902 468 895 565 24 376 719 96 38 765 737 342 825 58 888 601 725 178 358 258 709 386 842 427 339 712 522 1
140 572 340 345 586 884 410 323 293 341 798 256 55 643 461 311 487 504 488 47 57 654 122 773 409 182 259 708 883 319 633 325 372 668 157 615 411 797 449 651 793 150 1
516 680 742 88 550 853 810 803 266 447 764 874 458 610 460 638 829 56 748 785 532 567 703 696 359 535 18 79 196 413 97 412 400 277 92 354 227 124 53 136 546 54 627 204 225 374 86 658 772 81 466 45 169 223 1
787 786 50 149 351 912 714 60 667 179 478 776 37 527 905 540 916 630 685 343 252 555 62 361 588 480 27 644 900 173 856 623 779 602 751 403 902 468 895 565 24 376 719 96 38 765 737 342 825 58 888 601 725 178 156 290 658 772 81 466 45 417 695 322 1
235 817 784 187 328 640 117 755 720 405 378 866 341 798 256 55 643 461 311 487 504 488 47 57 654 122 773 409 182 259 708 883 826 782 274 426 350 844 248 642 513 33 176 1
911 240 768 138 385 417 695 322 310 190 205 802 299 439 481 616 759 594 255 393 253 78 168 773 409 182 259 708 883 319 633 325 372 668 863 76 763 463 229 800 850 271 1
718 521 408 6 580 172 186 903 144 645 561 604 737 342 825 58 888 601 725 178 156 290 658 772 81 466 45 169 223 1
