818 104 363 673 506 263 3 345 655 490 689 8 674 517 433 588 59 314 694 357 913 267 283 725 453 94 36 763 735 340 823 56 886 599 723 176 356 256 707 384 739 123 137 601 124 106 121
696 319 815 782 185 326 638 115 753 718 403 376 864 339 796 254 53 641 459 309 485 502 486 45 55 652 120 771 407 180 257 706 881 824 780 272 890 734 313 448 57 397 855 787 451 473 756 205 278 355 647 40 72 306 514 678 740 86 548 851
840 425 337 760 617 657 358 130 672 585 463 308 188 203 800 297 437 479 614 757 592 253 391 251 76 166 197 327 204 423 692 88 366 867 37 44 145 889 468 417 765 513 862 534 82 535 280
750 691 252 581 738 326 638 115 753 718 403 376 864 339 796 254 53 641 459 309 485 502 486 45 55 652 120 771 407 364 404 826 807 247 820 13 542 612 419 516 127 385 676 170 184 261 38 89
615 536 726 669 242 273 733 448 57 783 530 565 701 694 357 913 267 283 725 453 94 36 763 735 340 823 56 886 599 723 176 356 256 707 384 840 425 337 760 399 877
449 334 560 373 459 309 485 502 486 45 55 652 120 771 407 364 404 826 807 247 820 13 542 612 419 516 127 385 68 781 196 709 532 841 899 249 784 48 147 349
167 221 218 736 92 331 115 753 718 403 376 864 339 796 254 53 641 459 309 485 502 486 45 55 652 120 771 407 180 257 706 881 317 631 323 370 666 155 613 409 795 447 649 884 153 550 241
176 356 256 353 378 113 203 800 297 437 479 614 757 592 253 391 251 76 166 771 407 180 257 706 881 824 780 272 890 734 313 448 57 397 855 787 451 473 756 205 278 872 456 608 458 636
505 688 189 404 898 171 854 621 777 600 749 401 900 466 893 563 22 374 717 94 36 763 735 340 823 56 886 599 723 176 356 256 707 384 739 123 137 601 124 106 207 130 672 585
229 7 439 877 657 358 130 672 585 463 308 188 203 800 297 437 479 614 757 592 253 391 251 76 166 771 407 180 257 706 881 824 780 272 890 734 313 448 57 397 855 787 451 473 756 205 278 355 647 40 72 306 514 678 740 708 389 367 888 624 15 5 206
590 595 427 360 485 502 486 45 55 652 120 771 407 180 257 706 881 824 780 272 890 734 313 448 57 397 855 787 451 473 756 205 278 355 647 40 72 306 514 678 740 708 389 367 888 624 15 5 206
399 877 657 358 130 672 585 463 308 188 203 800 297 437 479 614 757 592 253 391 251 76 166 771 407 180 257 706 881 317 631 323 370 666 155 613 409 795 447 649 791 148
369 833 570 338 343 584 882 408 321 291 339 796 254 53 641 459 309 485 502 486 45 55 652 120 771 407 364 404 826 807 247 820 474 698 163 754 822 168 312 161 679 538
799 570 338 343 584 882 408 321 291 339 796 254 53 641 459 309 485 502 486 45 55 652 120 771 407 180 257 706 881 824 780 272 890 734 313 448 57 397 855 787 451 473 756 205 278 355 647 40 72 306 514 678 740 708 389 367 888 624 15 5 206
11 290 584 882 408 321 291 339 796 254 53 641 459 309 485 502 486 45 55 652 120 771 407 180 257 706 881 317 631 323 370 666 155 613 409 795 447 649 884 153 852 844 500 828 496 65 885 644 540
279 512 730 61 105 49 92 331 115 753 718 403 376 864 339 796 254 53 641 459 309 485 502 486 45 55 652 120 197 327 204 423 692 88 366 867 37 44 145 889 468 417 765 513 862 534 892 629 182 849 193 541 421 41 897 71 211
840 425 337 760 617 657 358 130 672 585 463 308 188 203 800 297 437 479 614 757 592 253 391 251 76 166 197 327 204 423 692 88 366 867 37 44 145 889 468 417 765 513 862 534 892 627
11 290 584 882 408 321 291 339 796 254 53 641 459 309 485 502 486 45 55 652 120 771 407 180 257 706 881 317 631 323 296 498 116 522 440
514 678 740 86 548 851 808 801 264 445 762 872 456 608 458 636 827 54 746 783 530 565 701 694 357 913 267 283 725 453 94 36 763 735 340 823 56 886 599 723 176 356 256 707 384 840 425 337 760 399 1 162 7 439
441 507 594 346 155 613 409 795 674 517 433 588 59 314 694 357 913 267 283 725 453 94 36 763 735 340 823 56 886 599 723 176 356 256 707 384 840 425 337 710 520
26 21 277 695 299 265 216 643 559 602 432 596 819 732 67 646 387 572 435 894 904 200 96 332 369 833 570 338 343 235 12 138
750 691 252 581 738 326 638 136 383 415 693 320 308 188 203 800 297 437 479 614 66 277 695 299 300 571 703 2 311 377 164 549
750 691 252 581 738 326 638 115 753 718 403 376 864 339 796 254 53 641 459 309 485 502 486 45 55 652 120 771 407 180 257 706 881 824 780 272 890 734 313 497 733 635
355 647 40 72 306 808 801 264 445 762 872 456 608 458 636 827 54 746 783 530 565 701 694 357 913 267 283 725 453 94 36 763 735 340 823 56 886 599 723 176 356 256 707 384 840 425 337 760 399 1 162 7 439
601 124 106 207 130 672 585 463 308 188 203 800 297 437 479 614 757 592 253 391 251 76 166 771 407 180 257 706 881 824 780 272 890 734 333 790
731 671 525 903 538 914 628 683 341 250 553 60 359 586 478 25 642 898 171 854 621 777 600 749 401 900 466 893 563 22 374 717 94 36 763 735 340 823 56 886 599 723 176 356 256 707 384 840 425 337 760 617 657 358
167 221 218 736 92 331 115 753 718 403 376 864 339 796 254 53 641 459 309 485 502 486 45 55 652 120 771 407 180 257 706 881 824 314 128 505 688
750 691 252 581 738 326 638 115 753 718 403 376 864 339 796 254 53 641 459 309 485 502 486 45 55 652 120 771 407 364 404 826 807 247 820 13 542 612 419 516 127 285 651
708 389 367 888 624 15 5 206 86 548 851 808 801 264 445 762 872 456 608 458 636 827 54 746 783 530 565 701 694 357 913 267 283 725 453 94 36 763 735 340 823 56 886 599 723 176 154 288 656 770 79 464 43 415 582
909 238 766 136 383 415 693 320 308 188 203 800 297 437 479 614 757 592 253 391 251 76 166 771 407 180 257 706 881 317 631 323 370 666 155 613 409 795 447 649 884 153 852 844 500 828 496 65 885 644 540
