909 238 766 136 383 415 693 320 308 188 203 800 297 437 479 614 757 592 253 391 251 76 344 39 501 460 209 307 428 758 492 140 234 869 616 767 42 807 247 820 474 698 163 874 834 379 226 654 906 471 557
510 24 911 760 617 657 358 130 672 585 463 308 188 203 800 297 437 479 614 66 277 695 299 300 571 18 836 301 676 170 184 261 38 89
828 496 65 885 644 540 260 811 748 550 241 791 148 674 517 433 588 59 314 694 357 533 16 77 194 411 95 410 398 839 388 547 595 427 360 567 646 387 572 435 894 904 531 610 797 515 632 909 238 766 750 691 252 581 467
868 452 587 566 303 792 664 846 335 885 644 540 260 811 748 550 241 791 148 674 517 433 588 59 314 694 357 913 267 283 725 453 94 36 763 735 340 823 56 886 599 723 176 356 256 707 384 840 425 337 760 399 1 162 7 503
348 842 246 640 511 31 565 701 694 357 533 16 77 194 411 95 410 398 839 388 547 595 427 360 567 646 387 572 435 894 904 531 610 797 515 632 909 238 766 750 691 279 512 730 61 105 49
708 389 367 888 624 15 5 206 86 548 851 808 801 264 445 762 872 456 608 458 636 827 54 746 783 530 565 701 694 357 533 16 77 194 411 95 410 398 839 388 547 595 427 360 567 646 387 572 435 894 904 531 610 797 864 339 796
696 319 815 782 185 326 638 115 753 718 403 376 864 339 796 254 53 641 459 309 485 502 486 45 55 652 120 771 407 364 404 898 171
347 576 185 326 638 115 753 718 403 376 864 339 796 254 53 641 459 309 485 502 486 45 55 652 120 771 407 180 257 706 881 824 780 272 890 734 313 448 57 397 855 787 451 473 756 205 278 872 456 608 458 636
227 798 363 673 506 263 3 345 655 490 689 8 674 517 433 588 59 314 694 357 533 16 77 194 411 95 410 398 839 388 547 595 427 360 567 646 387 572 435 894 904 531 610 797 515 871 118 233 815 782 185 135 187
279 512 730 61 105 49 92 331 115 753 718 403 376 864 339 796 254 53 641 459 309 485 502 486 45 55 652 120 771 407 180 257 706 881 824 780 272 890 734 313 448 57 397 855 787 451 473 756 205 278 872 456 608 458 636
99 382 408 321 291 339 796 254 53 641 459 309 485 502 486 45 55 652 120 771 407 180 257 706 881 824 780 272 890 734 313 448 57 783 530
532 841 899 249 784 48 147 349 910 712 58 4 578 170 184 901 142 643 559 602 735 340 823 56 886 599 723 176 154 288 656 770 79 524 305 632 909 238 766 750 691
818 104 363 673 506 263 3 345 655 490 689 8 674 517 433 588 59 314 694 357 913 267 283 725 453 94 36 763 735 340 823 56 886 599 723 176 356 256 707 384 739 123 764
227 798 363 673 506 263 3 345 655 490 689 8 674 517 433 588 59 314 694 357 913 267 283 725 453 94 36 763 735 340 823 56 886 599 723 176 356 256 707 384 840 425 337 760 399 877
355 647 40 72 306 808 801 264 445 762 872 456 608 458 636 827 54 746 783 530 565 701 694 357 533 16 77 194 411 95 410 398 839 388 547 595 427 360 567 646 387 572 435 894 904 531 610 797 515 632 909 238 766 750 691 279 512 286 34
797 864 339 796 254 53 641 459 309 485 502 486 45 55 652 120 771 407 180 257 706 881 317 631 323 370 666 155 613 409 795 447 649 884 153 852 844 500 260
79 524 305 376 864 339 796 254 53 641 459 309 485 502 486 45 55 652 120 771 407 180 257 706 881 824 780 272 890 734 313 448 57 397 855 787 451 473 756 205 278 355 647 40 72 306 808 801 264 445 762
750 691 252 581 738 326 638 115 753 718 403 376 864 339 796 254 53 641 459 309 485 502 486 45 55 652 120 771 407 364 404 826 807 247 820 474 698 163 874 834 379 226 654 402 818 104
143 426 105 49 92 331 115 753 718 403 376 864 339 796 254 53 641 459 309 485 502 486 45 55 652 120 771 407 364 404 826 807 247 820 13 542 612 419 516 127 385 676 170 184 261 38 89
229 7 439 877 657 358 130 672 585 463 308 188 203 800 297 437 479 614 757 592 253 391 251 76 166 771 407 180 257 706 881 317 631 323 370 666 155 613 409 795 447 649 884 153 852 844 500 828 496 65 885 644 540
646 387 572 435 641 459 309 485 502 486 45 55 652 120 771 407 180 257 706 881 824 780 272 890 734 313 448 57 397 855 787 451 473 756 205 278 872 456 608 458 636
399 877 657 358 130 672 585 463 308 188 203 800 297 437 479 614 757 592 253 391 251 76 166 771 407 180 257 706 881 824 780 272 890 734 313 448 57 397 855 787 451 473 756 205 278 872 456 608 458 636
601 124 106 207 130 672 585 463 308 188 203 800 297 437 479 614 757 592 253 391 251 76 166 771 407 180 257 706 881 317 631 323 370 666 155 613 409 795 447 649 884 153 852 844 500 828 496 65 806 868 452 587 566 303 792 664 846
696 319 815 782 185 326 638 115 753 718 403 376 864 339 796 254 53 641 459 309 485 502 486 45 55 652 120 771 407 364 404 826 807 247 820 474 698 163 874 834 379 226 654 906 471 557
868 452 587 566 303 792 664 846 335 885 644 540 260 811 748 550 241 791 148 674 517 433 588 59 314 694 357 533 16 77 194 411 95 410 398 839 388 547 595 427 360 567 646 387 572 435 894 904 200 96 332 369 833 570 338 343 584 882
709 117 131 825 63 722 406 4 578 170 184 901 142 643 559 602 735 340 823 56 886 599 723 176 356 256 707 384 739 123 137 601 124 106 207 873
868 452 587 566 303 792 664 846 335 885 644 540 260 811 748 550 241 791 148 674 517 433 588 59 314 694 357 913 267 283 725 453 94 36 763 735 340 823 56 886 599 723 176 154 288 656 770 79 464 43 415 582
891 429 910 712 58 4 578 170 184 901 142 643 559 602 432 596 819 732 67 646 387 572 435 894 904 200 96 332 369 833 570 338 343 584 882
797 864 339 796 254 53 641 459 309 485 502 486 45 55 652 120 771 407 364 404 826 807 247 820 13 542 612 419 516 127 385 676 438 562
1 162 7 439 877 657 358 130 672 585 463 308 188 203 800 297 437 479 614 757 592 253 391 251 76 166 771 407 180 257 706 881 317 631 323 370 666 155 613 409 795 447 649 884 153 852 844 500 828 496 65 885 644 540
