464 724 408 6 580 172 186 903 144 645 561 604 737 342 825 58 888 601 725 178 358 258 709 386 741 125 139 603 126 108 209 132 674 587 1
752 693 254 583 740 328 640 117 755 720 405 378 866 341 798 256 55 643 461 311 487 504 488 47 57 654 122 773 409 182 259 708 883 319 633 325 372 668 863 76 763 463 229 800 850 271 1
704 587 465 310 190 205 802 299 439 481 616 759 594 255 393 253 78 168 773 409 182 259 708 883 826 782 274 892 736 315 450 59 399 857 789 453 475 758 207 280 874 458 610 460 638 1
237 14 340 345 586 884 410 323 293 341 798 256 55 643 461 311 487 504 488 47 57 654 122 773 409 182 259 708 883 319 633 325 372 668 157 615 411 797 449 651 886 155 854 846 502 262 1
893 431 912 714 60 6 580 172 186 903 144 645 561 604 737 342 825 58 888 601 725 178 358 258 709 386 741 125 139 220 738 254 583 469 1
401 879 659 360 132 674 587 465 310 190 205 802 299 439 481 616 759 594 255 393 253 78 346 41 503 462 211 309 430 760 494 142 236 871 618 769 44 809 249 822 476 700 165 756 824 170 314 163 681 733 673 527 905 1
466 45 417 695 322 310 190 205 802 299 439 481 616 759 594 255 393 253 78 168 773 409 182 259 708 883 319 633 325 372 668 157 615 411 797 449 651 886 155 854 846 502 830 498 67 887 646 542 1
807 313 379 166 551 838 303 678 172 186 903 144 645 561 604 737 342 825 58 888 601 725 178 358 258 709 386 842 427 339 762 619 659 360 1
842 427 339 762 619 659 360 132 674 587 465 310 190 205 802 299 439 481 616 759 594 255 393 253 78 346 41 503 462 211 309 430 760 494 142 236 871 618 769 44 809 249 822 15 110 1
440 564 555 62 361 588 480 27 644 900 173 856 623 779 602 751 403 902 468 895 565 24 376 719 96 38 765 737 342 825 58 888 601 725 178 156 290 658 772 81 466 45 417 695 322 1
15 110 83 588 480 27 644 900 173 856 623 779 602 751 403 902 468 895 565 24 376 719 96 38 765 737 342 825 58 888 601 725 178 358 258 709 386 842 427 339 762 619 659 360 1
350 844 248 642 513 33 567 703 696 359 915 269 285 727 455 96 38 765 737 342 825 58 888 601 725 178 358 258 709 386 741 125 139 603 126 108 209 132 674 587 1
169 223 220 738 94 333 117 755 720 405 378 866 341 798 256 55 643 461 311 487 504 488 47 57 654 122 773 409 182 259 708 883 826 316 696 359 1
752 693 254 583 740 328 640 117 755 720 405 378 866 341 798 256 55 643 461 311 487 504 488 47 57 654 122 773 409 182 259 407 605 606 834 686 48 1
401 879 659 360 132 674 587 465 310 190 205 802 299 439 481 616 759 594 255 393 253 78 346 41 503 462 211 309 430 760 494 142 236 871 618 769 44 809 249 822 476 700 165 756 824 170 314 163 681 540 1
134 102 776 37 527 905 540 916 630 685 343 252 555 62 361 588 480 27 644 900 173 856 623 779 602 751 403 902 468 895 565 24 376 719 96 38 765 737 342 825 58 888 601 725 178 156 290 658 772 81 526 307 634 911 240 768 138 385 1
399 857 789 829 56 748 785 532 567 703 696 359 915 269 285 727 455 96 38 765 737 342 825 58 888 601 725 178 358 258 709 386 842 427 339 712 522 1
145 428 107 51 94 333 117 755 720 405 378 866 341 798 256 55 643 461 311 487 504 488 47 57 654 122 773 409 182 259 407 605 606 834 878 241 1
237 14 340 345 586 884 410 323 293 341 798 256 55 643 461 311 487 504 488 47 57 654 122 773 409 182 259 708 883 826 782 274 892 736 315 450 59 399 857 789 829 56 748 1
407 605 606 188 194 480 27 644 900 173 856 623 779 602 751 403 902 468 895 565 24 376 719 96 38 765 737 342 825 58 888 601 725 178 358 258 709 386 741 125 139 220 738 281 514 732 63 107 51 1
13 292 586 884 410 323 293 341 798 256 55 643 461 311 487 504 488 47 57 654 122 773 409 366 406 828 809 249 822 476 700 165 756 824 170 314 163 681 733 673 134 102 776 37 1
733 673 527 905 540 916 630 685 343 252 555 62 361 588 480 27 644 900 173 856 623 779 602 751 403 902 468 895 565 24 376 719 96 38 765 737 342 825 58 888 601 725 178 358 258 709 386 741 125 139 603 126 108 123 1
842 427 339 762 619 659 360 132 674 587 465 310 190 205 802 299 439 481 616 759 594 255 393 253 78 168 773 409 182 259 708 883 319 633 325 372 668 157 615 411 797 449 651 886 155 854 846 502 830 498 67 808 870 454 589 568 305 794 666 848 1
101 384 410 323 293 341 798 256 55 643 461 311 487 504 488 47 57 654 122 773 409 182 259 708 883 319 633 325 372 668 157 615 411 797 449 651 886 155 854 846 502 830 498 67 808 870 454 589 568 880 570 306 1
711 119 133 827 65 724 408 6 580 172 186 903 144 645 561 604 737 342 825 58 888 601 725 178 358 258 709 386 741 125 139 603 126 231 1
229 800 365 675 508 265 5 347 657 492 691 10 676 519 435 590 61 316 696 359 915 269 285 727 455 96 38 765 737 342 825 58 888 601 725 178 358 258 709 386 741 125 139 220 738 94 333 117 755 720 1
145 428 107 51 94 333 117 755 720 405 378 866 341 798 256 55 643 461 311 487 504 488 47 57 654 122 773 409 182 259 708 883 826 782 274 892 736 315 499 617 538 728 671 244 275 1
873 120 141 323 293 341 798 256 55 643 461 311 487 504 488 47 57 654 122 773 409 366 406 828 809 249 822 476 700 165 756 824 170 314 163 684 805 1
892 736 315 450 59 785 532 567 703 696 359 915 269 285 727 455 96 38 765 737 342 825 58 888 601 725 178 156 290 658 772 317 628 22 219 1
281 514 732 63 107 51 94 333 117 755 720 405 378 866 341 798 256 55 643 461 311 487 504 488 47 57 654 122 773 409 182 259 708 883 826 782 274 892 736 315 450 59 399 857 789 453 475 758 207 280 874 458 610 460 638 1
733 673 527 905 540 916 630 685 343 252 555 62 361 588 480 27 644 900 173 856 623 779 602 751 403 902 468 895 565 24 376 719 96 38 765 737 342 825 58 888 601 725 178 358 258 355 380 709 386 741 125 139 603 126 108 123 1
134 102 776 37 527 905 540 916 630 685 343 252 555 62 361 588 480 27 644 900 173 856 623 779 602 751 403 902 468 895 565 24 376 719 96 38 765 434 598 821 734 69 648 389 574 437 896 906 533 612 799 517 634 911 240 768 138 385 1
401 879 659 360 132 674 587 465 310 190 205 802 299 439 481 616 759 594 255 393 253 78 168 773 409 366 406 828 809 249 822 476 700 165 756 824 170 314 163 681 733 673 527 905 1
842 427 339 762 401 879 659 360 132 674 587 465 310 190 205 802 299 439 481 616 759 594 255 393 253 78 168 773 409 182 259 708 883 319 633 325 372 668 157 615 411 797 449 651 886 155 854 846 502 830 498 67 808 870 454 589 568 305 794 666 848 1
15 110 83 588 480 27 644 900 173 856 623 779 602 751 403 902 468 895 565 24 376 719 96 38 765 737 342 825 58 888 601 725 178 358 258 709 386 842 427 339 762 401 879 659 360 1
704 587 465 310 190 205 802 299 439 481 616 759 594 255 393 253 78 168 199 727 773 409 182 259 708 883 826 782 274 892 736 315 450 59 399 857 789 453 475 758 207 280 874 458 610 460 638 1
752 693 254 583 740 328 640 117 755 720 405 378 866 341 798 256 55 643 461 311 487 504 488 47 57 654 122 773 409 366 406 828 809 249 822 83 452 907 686 48 1
145 428 107 51 94 333 117 755 720 405 378 866 341 798 256 55 643 461 311 487 504 488 47 57 654 122 773 409 366 406 828 809 249 822 83 452 907 878 241 1
169 223 220 738 94 333 117 755 720 405 378 866 341 798 256 55 643 461 311 487 504 488 47 57 654 122 199 727 773 409 182 259 708 883 826 316 696 359 1
892 736 315 450 59 785 532 567 703 696 359 694 882 915 269 285 727 455 96 38 765 737 342 825 58 888 601 725 178 156 290 658 772 317 628 22 219 1
399 857 789 829 56 748 785 532 567 703 696 359 915 269 285 727 455 96 38 765 737 342 825 58 888 601 725 178 358 258 355 380 709 386 842 427 339 712 522 1
281 514 288 36 108 209 132 674 587 465 310 190 205 802 299 439 481 616 759 594 255 393 253 78 168 773 409 182 259 708 883 826 782 274 892 736 315 450 59 399 857 789 453 475 758 207 280 874 458 610 460 638 1
350 844 248 642 513 33 567 703 696 359 915 269 285 727 455 96 38 765 737 342 825 58 888 601 725 178 358 258 355 380 709 386 741 125 139 603 126 108 209 132 674 587 1
407 605 606 188 194 480 27 644 900 173 856 623 779 602 751 403 902 468 895 565 24 376 719 96 38 765 737 342 825 58 888 601 725 178 358 258 355 380 709 386 741 125 139 220 738 281 514 732 63 107 51 1
440 564 555 62 361 588 480 27 644 900 173 856 623 779 602 751 403 902 468 895 565 24 376 719 96 38 765 737 342 825 58 888 601 725 178 358 258 709 386 741 125 766 695 322 1
13 292 586 884 410 323 293 341 798 256 55 643 461 311 487 504 488 47 57 654 122 773 409 182 191 406 828 809 249 822 476 700 165 756 824 170 314 163 681 733 673 134 102 776 37 1
893 431 912 714 60 6 580 172 186 903 144 645 561 604 737 342 825 58 888 601 725 178 358 258 355 380 709 386 741 125 139 220 738 254 583 469 1
464 724 408 6 580 172 186 903 144 645 561 604 737 342 825 58 888 601 725 178 358 258 355 380 709 386 741 125 139 603 126 108 209 132 674 587 1
145 428 107 51 94 333 117 755 720 405 378 866 341 798 256 55 643 461 311 487 504 488 47 57 654 122 199 727 773 409 182 259 708 883 826 782 274 892 736 315 499 617 538 728 671 244 275 1
711 119 133 827 65 724 408 6 580 172 186 903 144 645 561 604 737 342 825 58 888 601 725 178 358 258 355 380 709 386 741 125 139 603 126 231 1
807 313 379 166 551 838 303 678 172 186 903 144 645 561 604 737 342 825 58 888 601 725 178 358 258 709 386 842 427 339 762 401 879 659 360 1
752 693 254 583 740 328 640 117 755 720 405 378 866 341 798 256 55 643 461 311 487 504 488 47 57 654 122 199 727 773 409 182 259 708 883 319 633 325 372 668 863 76 763 463 229 800 850 271 1
101 384 410 323 293 341 798 256 55 643 461 311 487 504 488 47 57 654 122 199 727 773 409 182 259 708 883 319 633 325 372 668 157 615 411 797 449 651 886 155 854 846 502 830 498 67 808 870 454 589 568 880 570 306 1
401 879 659 360 132 674 587 465 310 190 205 802 299 439 481 616 759 594 255 393 253 78 168 773 409 366 406 828 809 249 822 476 700 165 756 824 170 314 163 681 540 1
873 120 141 323 293 341 798 256 55 643 461 311 487 504 488 47 57 654 122 773 409 182 191 406 828 809 249 822 476 700 165 756 824 170 314 163 684 805 1
229 800 365 675 508 265 5 347 657 492 691 10 676 519 435 590 61 316 696 359 915 269 285 727 455 96 38 765 737 342 825 58 888 601 725 178 358 258 355 380 709 386 741 125 139 220 738 94 333 117 755 720 1
237 14 340 345 586 884 410 323 293 341 798 256 55 643 461 311 487 504 488 47 57 654 122 199 727 773 409 182 259 708 883 319 633 325 372 668 157 615 411 797 449 651 886 155 854 846 502 262 1
237 14 340 345 586 884 410 323 293 341 798 256 55 643 461 311 487 504 488 47 57 654 122 199 727 773 409 182 259 708 883 826 782 274 892 736 315 450 59 399 857 789 829 56 748 1
842 427 339 762 401 879 659 360 132 674 587 465 310 190 205 802 299 439 481 616 759 594 255 393 253 78 346 41 503 462 211 309 430 760 494 142 236 871 618 769 44 809 249 822 15 110 1
466 45 417 695 322 310 190 205 802 299 439 481 616 759 594 255 393 253 78 168 199 727 773 409 182 259 708 883 319 633 325 372 668 157 615 411 797 449 651 886 155 854 846 502 830 498 67 887 646 542 1
