137 189 141 323 293 341 798 256 55 643 461 311 487 504 488 47 57 654 122 773 409 182 259 708 883 319 633 325 372 668 157 615 411 797 449 651 886 155 854 846 502 830 498 67 808 870 454 589 568 305 794 666 848 1
683 529 338 635 858 296 12 48 104 188 194 480 27 644 900 173 856 623 779 602 751 403 902 468 895 565 24 376 719 96 38 765 737 342 825 58 888 601 725 178 358 258 709 386 741 125 139 603 126 231 1
799 866 341 798 256 55 643 461 311 487 504 488 47 57 654 122 773 409 366 406 828 809 249 822 15 544 614 421 903 144 1
401 879 659 360 132 674 587 465 310 190 205 802 299 439 481 616 759 594 255 393 253 78 168 773 409 182 259 708 883 319 633 325 372 668 863 76 5 347 855 135 1
281 514 732 63 107 51 94 333 117 755 720 405 378 866 341 798 256 55 643 461 311 487 504 488 47 57 654 122 773 409 182 259 708 883 826 782 274 892 736 315 450 59 399 857 789 453 475 758 207 280 874 458 610 460 638 1
137 189 141 323 293 341 798 256 55 643 461 311 487 504 488 47 57 654 122 773 409 182 259 708 883 319 633 325 298 500 435 590 61 1
710 391 369 890 626 17 7 208 88 550 853 810 803 266 447 764 874 458 610 460 638 829 56 748 785 532 567 703 696 359 915 269 285 727 455 96 38 765 737 342 825 58 888 601 725 178 358 258 709 386 741 125 139 603 126 108 123 1
881 272 188 194 480 27 644 900 173 856 623 779 602 751 403 902 468 895 565 24 376 719 96 38 765 737 342 825 58 888 601 725 178 358 258 709 386 842 427 339 762 619 659 360 1
617 538 728 671 244 275 735 450 59 785 532 567 703 696 359 915 269 285 727 455 96 38 765 737 342 825 58 888 601 725 178 358 258 709 386 842 427 339 712 522 1
3 164 9 441 879 659 360 132 674 587 465 310 190 205 802 299 439 481 616 759 594 255 393 253 78 168 773 409 182 259 708 883 319 633 325 372 668 863 76 763 463 229 800 365 675 1
81 526 307 378 866 341 798 256 55 643 461 311 487 504 488 47 57 654 122 773 409 182 259 708 883 319 633 325 372 668 863 76 5 347 657 492 691 10 1
710 391 369 890 626 17 7 208 88 550 853 810 803 266 447 764 874 458 610 460 638 829 56 748 785 532 567 703 696 359 535 18 79 196 413 97 412 400 841 390 549 597 429 362 569 648 389 574 437 896 906 533 612 799 517 634 911 240 768 752 693 281 514 732 63 107 51 1
830 498 67 887 646 542 262 813 750 552 243 793 150 676 519 435 590 61 316 696 359 535 18 79 196 413 97 412 400 841 390 549 597 429 362 569 648 389 574 437 896 906 533 612 799 517 873 120 235 817 784 175 1
683 529 338 635 858 296 12 48 104 188 194 480 27 644 900 173 856 623 779 602 751 403 902 468 895 565 24 376 719 96 38 765 737 342 825 58 888 601 725 178 358 258 709 386 842 427 339 762 619 659 360 1
686 48 104 188 194 480 27 644 900 173 856 623 779 602 751 403 902 468 895 565 24 376 719 96 38 765 737 342 825 58 888 601 725 178 358 258 709 386 741 125 139 603 126 108 209 875 1
139 220 738 94 333 117 755 720 405 378 866 341 798 256 55 643 461 311 487 504 488 47 57 654 122 773 409 182 259 708 883 319 633 325 372 668 157 615 411 797 449 651 793 150 1
466 45 417 695 322 310 190 205 802 299 439 481 616 759 594 255 393 253 78 168 773 409 182 259 708 883 319 633 325 372 668 157 615 411 797 449 651 886 155 854 846 502 830 498 67 887 646 542 1
603 126 108 209 132 674 587 465 310 190 205 802 299 439 481 616 759 594 255 393 253 78 168 773 409 366 406 900 173 1
632 774 496 571 257 12 48 104 188 194 480 27 644 900 173 856 623 779 602 751 403 902 468 895 565 24 376 719 96 38 765 737 342 825 58 888 601 725 178 358 258 709 386 842 427 339 762 401 3 164 9 505 1
747 35 297 192 641 245 112 11 246 52 439 481 616 759 594 255 393 253 78 168 773 409 182 259 708 883 826 782 274 892 736 315 450 59 399 857 789 453 475 758 207 280 357 649 42 74 308 516 680 742 88 550 853 1
893 431 912 714 60 6 580 172 186 903 144 645 561 604 737 342 825 58 888 601 725 178 358 258 709 386 842 427 339 762 401 879 1
709 386 465 310 190 205 802 299 439 481 616 759 594 255 393 253 78 168 773 409 182 259 708 883 826 782 274 892 736 335 792 1
349 578 187 328 640 117 755 720 405 378 866 341 798 256 55 643 461 311 487 504 488 47 57 654 122 773 409 182 259 708 883 826 782 274 892 736 315 450 59 399 857 789 453 475 758 207 280 357 649 42 74 308 516 680 742 88 550 853 1
516 680 742 88 550 853 810 803 266 447 764 874 458 610 460 638 829 56 748 785 532 567 703 696 359 535 18 79 196 413 97 412 400 841 390 549 597 429 362 569 648 389 574 437 896 906 533 612 799 517 634 911 240 768 752 693 281 514 288 36 1
281 514 288 36 108 209 132 674 587 465 310 190 205 802 299 439 481 616 68 279 697 301 302 573 20 838 303 70 783 198 1
820 106 365 675 508 265 5 347 657 492 691 10 676 519 435 590 61 316 696 359 915 269 285 727 455 96 38 765 737 342 825 58 888 601 725 178 156 290 658 772 81 466 45 417 695 322 1
371 835 572 340 345 586 884 410 323 293 341 798 256 55 643 461 311 487 504 488 47 57 654 122 773 409 366 406 828 809 249 822 476 700 165 756 824 170 314 163 395 754 1
830 498 67 887 646 542 262 813 750 552 243 793 150 676 519 435 590 61 316 696 359 535 18 79 196 413 97 412 400 841 390 549 597 429 362 569 648 389 574 437 896 906 533 612 799 517 634 911 240 768 752 693 281 514 732 63 107 51 1
453 475 758 207 280 874 458 610 460 638 829 56 748 785 532 567 703 696 359 915 269 285 727 455 96 38 765 737 342 825 58 888 601 725 178 358 258 709 386 842 427 339 762 401 3 164 9 441 1
799 866 341 798 256 55 643 461 311 487 504 488 47 57 654 122 773 409 182 259 708 883 826 782 274 892 736 315 450 59 399 857 789 829 56 748 1
709 386 465 310 190 205 802 299 439 481 616 759 594 255 393 253 78 168 199 727 773 409 182 259 708 883 826 782 274 892 736 335 792 1
683 529 338 635 858 296 12 48 104 188 194 480 27 644 900 173 856 623 779 602 751 403 902 468 895 565 24 376 719 96 38 765 737 342 825 58 888 601 725 178 358 258 709 386 842 427 339 762 401 879 659 360 1
747 689 872 256 55 643 461 311 487 504 488 47 57 654 122 773 409 182 259 708 883 826 782 274 892 736 315 450 59 399 857 789 453 475 758 207 280 357 649 42 74 308 516 680 742 88 550 853 1
281 514 288 36 108 209 132 674 587 465 310 190 205 802 299 439 481 616 759 594 255 393 253 78 168 773 409 182 259 708 883 826 782 274 892 736 315 450 59 399 857 789 453 475 758 207 280 874 458 610 460 638 1
799 866 341 798 256 55 643 461 311 487 504 488 47 57 654 122 199 727 773 409 182 259 708 883 826 782 274 892 736 315 450 59 399 857 789 829 56 748 1
3 164 9 441 879 659 360 132 674 587 465 310 190 205 802 299 439 481 616 759 594 255 393 253 78 168 199 727 773 409 182 259 708 883 319 633 325 372 668 863 76 763 463 229 800 365 675 1
799 866 341 798 256 55 643 461 311 487 504 488 47 57 654 122 773 409 182 191 406 828 809 249 822 15 544 614 421 903 144 1
401 879 659 360 132 674 587 465 310 190 205 802 299 439 481 616 759 594 255 393 253 78 168 199 727 773 409 182 259 708 883 319 633 325 372 668 863 76 5 347 855 135 1
516 680 742 88 550 853 810 803 266 447 764 874 458 610 460 638 829 56 748 785 532 567 703 696 359 535 18 79 196 413 97 412 400 277 92 821 734 69 648 389 574 437 896 906 533 612 799 517 634 911 240 768 752 693 281 514 288 36 1
139 220 738 94 333 117 755 720 405 378 866 341 798 256 55 643 461 311 487 504 488 47 57 654 122 199 727 773 409 182 259 708 883 319 633 325 372 668 157 615 411 797 449 651 793 150 1
617 538 728 671 244 275 735 450 59 785 532 567 703 696 359 915 269 285 727 455 96 38 765 737 342 825 58 888 601 725 178 358 258 355 380 709 386 842 427 339 712 522 1
710 391 369 890 626 17 7 208 88 550 853 810 803 266 447 764 874 458 610 460 638 829 56 748 785 532 567 703 696 359 915 269 285 727 455 96 38 765 737 342 825 58 888 601 725 178 358 258 355 380 709 386 741 125 139 603 126 108 123 1
683 529 338 635 228 656 908 473 559 685 343 252 555 62 361 588 480 27 644 900 173 856 623 779 602 751 403 902 468 895 565 24 376 719 96 38 765 737 342 825 58 888 601 725 178 358 258 709 386 741 125 139 603 126 231 1
137 189 141 323 293 341 798 256 55 643 461 311 487 504 488 47 57 654 122 199 727 773 409 182 259 708 883 319 633 325 298 500 435 590 61 1
820 106 365 675 508 265 5 347 657 492 691 10 676 519 435 590 61 316 696 359 694 882 915 269 285 727 455 96 38 765 737 342 825 58 888 601 725 178 156 290 658 772 81 466 45 417 695 322 1
371 835 572 340 345 586 884 410 323 293 341 798 256 55 643 461 311 487 504 488 47 57 654 122 773 409 182 191 406 828 809 249 822 476 700 165 756 824 170 314 163 395 754 1
830 498 67 887 646 542 262 813 750 552 243 793 150 676 519 435 590 61 316 696 359 535 18 79 196 413 97 412 400 277 92 821 734 69 648 389 574 437 896 906 533 612 799 517 634 911 240 768 752 693 281 514 732 63 107 51 1
281 514 732 63 107 51 94 333 117 755 720 405 378 866 341 798 256 55 643 461 311 487 504 488 47 57 654 122 773 409 366 406 828 809 249 822 15 544 614 421 518 129 387 70 783 198 1
453 475 758 207 280 874 458 610 460 638 829 56 748 785 532 567 703 696 359 915 269 285 727 455 96 38 765 737 342 825 58 888 601 725 178 358 258 709 386 741 125 139 603 126 231 9 441 1
881 272 188 194 480 27 644 900 173 856 623 779 602 751 403 902 468 895 565 24 376 719 96 38 765 737 342 825 58 888 601 725 178 358 258 709 386 842 427 339 762 401 879 659 360 1
137 189 141 323 293 341 798 256 55 643 461 311 487 504 488 47 57 654 122 199 727 773 409 182 259 708 883 319 633 325 372 668 157 615 411 797 449 651 886 155 854 846 502 830 498 67 808 870 454 589 568 305 794 666 848 1
632 774 496 571 257 12 48 104 188 194 480 27 644 900 173 856 623 779 602 751 403 902 468 895 565 24 376 719 96 38 765 737 342 825 58 888 601 725 178 358 258 709 386 741 125 139 603 126 231 9 505 1
710 391 369 890 626 17 7 208 88 550 853 810 803 266 447 764 874 458 610 460 638 829 56 748 785 532 567 703 696 359 535 18 79 196 413 97 412 400 277 92 821 734 69 648 389 574 437 896 906 533 612 799 517 634 911 240 768 752 693 281 514 732 63 107 51 1
830 498 67 887 646 542 262 813 750 552 243 793 150 676 519 435 590 61 316 696 359 535 18 79 196 413 97 412 400 277 92 821 734 69 648 389 574 437 896 906 533 612 799 517 873 120 235 817 784 175 1
349 578 187 328 640 117 755 720 405 378 866 341 798 256 55 643 461 311 487 504 488 47 57 654 122 199 727 773 409 182 259 708 883 826 782 274 892 736 315 450 59 399 857 789 453 475 758 207 280 357 649 42 74 308 516 680 742 88 550 853 1
686 48 104 188 194 480 27 644 900 173 856 623 779 602 751 403 902 468 895 565 24 376 719 96 38 765 737 342 825 58 888 601 725 178 358 258 355 380 709 386 741 125 139 603 126 108 209 875 1
893 431 912 714 60 6 580 172 186 903 144 645 561 604 737 342 825 58 888 601 725 178 358 258 355 380 709 386 842 427 339 762 401 879 1
466 45 417 695 322 310 190 205 802 299 439 481 616 759 594 255 393 253 78 168 199 727 773 409 182 259 708 883 319 633 325 372 668 157 615 411 797 449 651 886 155 854 846 502 830 498 67 887 646 542 1
81 526 307 378 866 341 798 256 55 643 461 311 487 504 488 47 57 654 122 199 727 773 409 182 259 708 883 319 633 325 372 668 863 76 5 347 657 492 691 10 1
603 126 108 209 132 674 587 465 310 190 205 802 299 439 481 616 759 594 255 393 253 78 168 773 409 182 191 406 900 173 1
