752 693 254 583 740 328 640 117 755 720 405 378 866 341 798 256 55 643 461 311 487 504 488 47 57 654 122 773 409 182 259 708 883 826 782 274 892 736 315 450 59 399 857 789 453 475 758 207 280 874 458 610 460 638 1
13 292 586 884 410 323 293 341 798 256 55 643 461 311 487 504 488 47 57 654 122 773 409 182 259 708 883 826 782 274 892 736 315 450 59 399 857 789 453 475 758 207 280 357 649 42 74 308 516 680 742 88 550 853 1
231 9 441 879 659 360 132 674 587 465 310 190 205 802 299 439 481 616 759 594 255 393 253 78 168 773 409 182 259 708 883 826 782 274 892 736 315 450 59 399 857 789 453 475 758 207 280 357 649 42 74 308 516 680 742 88 550 853 1
726 717 855 135 5 347 657 492 691 10 676 519 435 590 61 316 696 359 915 269 285 727 455 96 38 765 737 342 825 58 888 601 725 178 358 258 709 386 842 427 339 762 401 3 164 9 505 1
137 189 141 323 293 341 798 256 55 643 461 311 487 504 488 47 57 654 122 773 409 366 406 828 809 249 822 476 700 165 756 824 170 314 163 681 733 673 134 102 776 37 1
288 36 108 209 132 674 587 465 310 190 205 802 299 439 481 616 759 594 255 393 253 78 168 773 409 182 259 708 883 319 633 325 372 668 863 76 5 347 657 717 1
28 23 279 697 575 388 242 143 746 216 66 491 585 226 358 258 709 386 741 125 139 220 738 254 583 469 1
145 428 107 51 94 333 117 755 720 405 378 866 341 798 256 55 643 461 311 487 504 488 47 57 654 122 773 409 182 259 708 883 826 782 274 426 350 844 248 331 743 1
787 786 50 149 351 912 714 60 6 580 172 186 903 144 645 561 604 737 342 825 58 888 601 725 178 156 290 658 772 81 466 45 417 695 322 1
453 475 758 207 280 874 458 610 460 638 829 56 748 785 532 567 703 696 359 915 269 285 727 455 96 38 765 737 342 825 58 888 601 725 178 358 258 709 386 842 427 339 712 522 1
212 75 478 776 37 527 905 540 916 630 685 343 252 555 62 361 588 480 27 644 900 173 856 623 779 602 751 403 902 468 895 565 24 376 719 96 38 765 737 342 825 58 888 601 725 178 156 290 658 772 81 526 307 873 120 235 679 699 1
892 736 315 450 59 785 532 567 703 696 359 915 269 285 727 455 96 38 765 737 342 825 58 888 601 725 178 358 258 709 386 842 427 339 712 522 1
836 381 228 656 908 473 559 685 343 252 555 62 361 588 480 27 644 900 173 856 623 779 602 751 403 902 468 895 565 24 376 719 96 38 765 737 342 825 58 888 601 725 178 156 290 658 772 81 526 307 873 120 235 817 784 187 137 189 1
842 427 339 762 619 659 360 132 674 587 465 310 190 205 802 299 439 481 616 759 594 255 393 253 78 168 773 409 182 259 708 883 319 633 325 372 668 157 615 411 797 449 651 886 155 854 846 813 1
709 386 465 310 190 205 802 299 439 481 616 759 594 255 393 253 78 168 773 409 182 259 708 883 319 633 325 372 668 863 76 763 463 229 800 365 675 1
357 649 42 74 308 810 803 266 447 764 874 458 610 460 638 829 56 748 785 532 567 703 696 359 915 269 285 727 455 96 38 765 737 342 825 58 888 601 725 178 358 258 709 386 741 125 139 603 126 108 209 875 1
111 868 222 688 192 641 245 112 11 246 52 439 481 616 759 594 255 393 253 78 168 773 409 182 259 708 883 826 782 274 892 736 315 450 59 399 857 789 453 475 758 207 280 357 649 42 74 308 516 680 742 710 391 369 890 626 17 7 208 1
799 866 341 798 256 55 643 461 311 487 504 488 47 57 654 122 773 409 182 259 708 883 319 633 325 372 668 157 615 411 797 449 651 886 155 854 82 1
892 736 315 450 59 785 532 567 703 696 359 915 269 285 727 455 96 38 765 737 342 825 58 888 601 725 178 358 258 709 386 741 125 139 603 126 108 209 875 1
801 572 340 345 586 884 410 323 293 341 798 256 55 643 461 311 487 504 488 47 57 654 122 773 409 366 406 828 809 249 822 15 544 614 421 518 129 387 70 783 464 232 579 1
401 879 659 360 132 674 587 465 310 190 205 802 299 439 481 616 759 594 255 393 253 78 168 773 409 182 259 708 883 826 782 274 426 350 844 248 331 743 1
534 843 901 251 786 50 149 351 912 714 60 6 580 172 186 903 144 645 561 604 737 342 825 58 888 601 725 178 156 290 658 772 81 526 307 634 911 240 768 752 693 1
349 578 187 328 640 117 755 720 405 378 866 341 798 256 55 643 461 311 487 504 488 47 57 654 122 773 409 182 259 708 883 826 782 274 892 736 315 450 59 399 857 789 453 475 758 207 280 357 649 42 74 308 516 680 742 88 550 853 1
911 240 768 138 385 417 695 322 310 190 205 802 299 439 481 616 759 594 255 393 253 78 168 773 409 182 259 708 883 319 633 325 372 668 863 76 763 463 229 800 850 271 1
101 384 410 323 293 341 798 256 55 643 461 311 487 504 488 47 57 654 122 773 409 182 259 708 883 826 782 274 892 736 315 450 59 399 857 789 453 475 758 207 280 357 649 42 74 308 810 803 266 447 764 1
235 817 784 187 328 640 117 755 720 405 378 866 341 798 256 55 643 461 311 487 504 488 47 57 654 122 773 409 182 259 708 883 826 782 274 426 350 844 248 642 513 33 176 1
349 578 187 328 640 117 755 720 405 378 866 341 798 256 55 643 461 311 487 504 488 47 57 654 122 773 409 182 259 708 883 826 782 274 892 736 315 450 59 399 857 789 453 475 758 207 280 874 458 610 460 638 1
349 578 187 328 640 117 755 720 405 378 866 341 798 256 55 643 461 311 487 504 488 47 57 654 122 773 409 366 406 828 809 249 822 476 700 165 876 344 636 443 509 596 1
516 680 742 88 550 853 810 803 266 447 764 874 458 610 460 638 829 56 748 785 532 567 703 696 359 915 269 285 727 455 96 38 765 737 342 825 58 888 601 725 178 156 290 658 772 81 466 45 169 223 1
603 126 108 209 132 674 587 465 310 190 205 802 299 439 481 616 759 594 255 393 253 78 168 773 409 182 259 708 883 826 782 274 892 736 315 450 59 399 857 789 453 475 758 207 280 357 649 42 74 308 516 680 742 710 391 369 890 626 17 7 208 1
799 866 341 798 256 55 643 461 311 487 504 488 47 57 654 122 199 727 773 409 182 259 708 883 319 633 325 372 668 157 615 411 797 449 651 886 155 854 82 1
892 736 315 450 59 785 532 567 703 696 359 915 269 285 727 455 96 38 765 737 342 825 58 888 601 725 178 358 258 355 380 709 386 741 125 139 603 126 108 209 875 1
603 126 108 209 132 674 587 465 310 190 205 802 299 439 481 616 759 594 255 393 253 78 168 199 727 773 409 182 259 708 883 826 782 274 892 736 315 450 59 399 857 789 453 475 758 207 280 357 649 42 74 308 516 680 742 710 391 369 890 626 17 7 208 1
842 427 339 762 401 879 659 360 132 674 587 465 310 190 205 802 299 439 481 616 759 594 255 393 253 78 168 773 409 182 259 708 883 319 633 325 372 668 157 615 411 797 449 651 886 155 854 846 813 1
801 572 340 345 586 884 410 323 293 341 798 256 55 643 461 311 487 504 488 47 57 654 122 773 409 182 191 406 828 809 249 822 15 544 614 421 518 129 387 70 783 464 232 579 1
349 578 187 328 640 117 755 720 405 378 866 341 798 256 55 643 461 311 487 504 488 47 57 654 122 773 409 182 191 406 828 809 249 822 476 700 165 876 344 636 443 509 596 1
534 843 901 251 786 50 149 351 912 714 60 6 580 172 186 903 144 645 561 604 434 598 821 734 69 648 389 574 437 896 906 533 612 799 517 634 911 240 768 752 693 1
349 578 187 328 640 117 755 720 405 378 866 341 798 256 55 643 461 311 487 504 488 47 57 654 122 199 727 773 409 182 259 708 883 826 782 274 892 736 315 450 59 399 857 789 453 475 758 207 280 874 458 610 460 638 1
892 736 315 450 59 785 532 567 703 696 359 915 269 285 727 455 96 38 765 737 342 825 58 888 601 725 178 358 258 355 380 709 386 842 427 339 712 522 1
111 868 222 628 22 860 261 112 11 246 52 439 481 616 759 594 255 393 253 78 168 773 409 182 259 708 883 826 782 274 892 736 315 450 59 399 857 789 453 475 758 207 280 357 649 42 74 308 516 680 742 710 391 369 890 626 17 7 208 1
101 384 410 323 293 341 798 256 55 643 461 311 487 504 488 47 57 654 122 199 727 773 409 182 259 708 883 826 782 274 892 736 315 450 59 399 857 789 453 475 758 207 280 357 649 42 74 308 810 803 266 447 764 1
911 240 768 138 385 417 695 322 310 190 205 802 299 439 481 616 759 594 255 393 253 78 168 199 727 773 409 182 259 708 883 319 633 325 372 668 863 76 763 463 229 800 850 271 1
28 23 279 697 575 388 242 143 493 608 554 66 491 585 226 358 258 709 386 741 125 139 220 738 254 583 469 1
752 693 254 583 740 328 640 117 755 720 405 378 866 341 798 256 55 643 461 311 487 504 488 47 57 654 122 199 727 773 409 182 259 708 883 826 782 274 892 736 315 450 59 399 857 789 453 475 758 207 280 874 458 610 460 638 1
709 386 465 310 190 205 802 299 439 481 616 759 594 255 393 253 78 168 199 727 773 409 182 259 708 883 319 633 325 372 668 863 76 763 463 229 800 365 675 1
212 75 478 776 37 527 905 540 916 630 685 343 252 555 62 361 588 480 27 644 900 173 856 623 779 602 751 403 902 468 895 565 24 376 719 96 38 765 434 598 821 734 69 648 389 574 437 896 906 533 612 799 517 873 120 235 679 699 1
357 649 42 74 308 810 803 266 447 764 874 458 610 460 638 829 56 748 785 532 567 703 696 359 915 269 285 727 455 96 38 765 737 342 825 58 888 601 725 178 358 258 355 380 709 386 741 125 139 603 126 108 209 875 1
231 9 441 879 659 360 132 674 587 465 310 190 205 802 299 439 481 616 759 594 255 393 253 78 168 199 727 773 409 182 259 708 883 826 782 274 892 736 315 450 59 399 857 789 453 475 758 207 280 357 649 42 74 308 516 680 742 88 550 853 1
13 292 586 884 410 323 293 341 798 256 55 643 461 311 487 504 488 47 57 654 122 199 727 773 409 182 259 708 883 826 782 274 892 736 315 450 59 399 857 789 453 475 758 207 280 357 649 42 74 308 516 680 742 88 550 853 1
836 381 228 656 908 473 559 685 343 252 555 62 361 588 480 27 644 900 173 856 623 779 602 751 403 902 468 895 565 24 376 719 96 38 765 434 598 821 734 69 648 389 574 437 896 906 533 612 799 517 873 120 235 817 784 187 137 189 1
145 428 107 51 94 333 117 755 720 405 378 866 341 798 256 55 643 461 311 487 504 488 47 57 654 122 199 727 773 409 182 259 708 883 826 782 274 426 350 844 248 331 743 1
137 189 141 323 293 341 798 256 55 643 461 311 487 504 488 47 57 654 122 773 409 182 191 406 828 809 249 822 476 700 165 756 824 170 314 163 681 733 673 134 102 776 37 1
453 475 758 207 280 874 458 610 460 638 829 56 748 785 532 567 703 696 359 915 269 285 727 455 96 38 765 737 342 825 58 888 601 725 178 358 258 355 380 709 386 842 427 339 712 522 1
401 879 659 360 132 674 587 465 310 190 205 802 299 439 481 616 759 594 255 393 253 78 168 199 727 773 409 182 259 708 883 826 782 274 426 350 844 248 331 743 1
516 680 742 88 550 853 810 803 266 447 764 874 458 610 460 638 829 56 748 785 532 567 703 696 359 694 882 915 269 285 727 455 96 38 765 737 342 825 58 888 601 725 178 156 290 658 772 81 466 45 169 223 1
349 578 187 328 640 117 755 720 405 378 866 341 798 256 55 643 461 311 487 504 488 47 57 654 122 199 727 773 409 182 259 708 883 826 782 274 892 736 315 450 59 399 857 789 453 475 758 207 280 357 649 42 74 308 516 680 742 88 550 853 1
787 786 50 149 351 912 714 60 6 580 172 186 903 144 645 561 604 393 765 737 342 825 58 888 601 725 178 156 290 658 772 81 466 45 417 695 322 1
235 817 784 187 328 640 117 755 720 405 378 866 341 798 256 55 643 461 311 487 504 488 47 57 654 122 199 727 773 409 182 259 708 883 826 782 274 426 350 844 248 642 513 33 176 1
726 717 855 135 5 347 657 492 691 10 676 519 435 590 61 316 696 359 915 269 285 727 455 96 38 765 737 342 825 58 888 601 725 178 358 258 709 386 741 125 139 603 126 231 9 505 1
288 36 108 209 132 674 587 465 310 190 205 802 299 439 481 616 759 594 255 393 253 78 168 199 727 773 409 182 259 708 883 319 633 325 372 668 863 76 5 347 657 717 1
