752 693 254 583 740 328 640 117 755 720 405 378 866 341 798 256 55 643 461 311 487 504 488 47 57 654 122 773 409 182 259 708 883 826 782 274 892 736 315 450 59 399 857 789 453 475 758 207 280 357 649 42 74 308 516 680 742 710 391 369 890 626 17 7 208 1
139 220 738 94 333 117 755 720 405 378 866 341 798 256 55 643 461 311 487 504 488 47 57 654 122 773 409 366 406 828 809 249 822 476 700 165 756 824 170 314 163 681 540 1
235 817 784 187 328 640 117 755 720 405 378 866 341 798 256 55 643 461 311 487 504 488 47 57 654 122 773 409 366 406 828 809 249 822 476 700 165 876 344 636 443 509 596 1
281 514 732 63 107 51 94 333 117 755 720 405 378 866 341 798 256 55 643 461 311 487 504 488 47 57 654 122 773 409 366 406 828 809 249 822 83 588 581 1
534 843 901 251 786 50 149 351 912 714 60 6 580 172 186 903 144 645 561 604 737 342 825 58 888 601 725 178 358 258 709 386 842 427 339 762 401 3 164 9 505 1
13 292 586 884 410 323 293 341 798 256 55 643 461 311 487 504 488 47 57 654 122 773 409 366 406 828 809 249 822 476 700 165 756 824 170 685 343 252 1
294 739 473 559 685 343 252 555 62 361 588 480 27 644 900 173 856 623 779 602 751 403 902 468 895 565 24 376 719 96 38 765 737 342 825 58 888 601 725 178 358 258 709 386 741 125 139 220 738 254 583 740 1
145 428 107 51 94 333 117 755 720 405 378 866 341 798 256 55 643 461 311 487 504 488 47 57 654 122 773 409 366 406 828 809 249 822 476 700 165 876 344 636 443 509 596 1
840 250 560 486 671 244 275 735 450 59 785 532 567 703 696 359 915 269 285 727 455 96 38 765 737 342 825 58 888 601 725 178 358 258 709 386 741 125 139 220 738 94 333 117 755 720 1
145 428 107 51 94 333 117 755 720 405 378 866 341 798 256 55 643 461 311 487 504 488 47 57 654 122 773 409 182 259 708 883 826 782 274 426 350 844 248 642 513 33 176 1
836 381 228 656 908 473 559 685 343 252 555 62 361 588 480 27 644 900 173 856 623 779 602 751 403 902 468 895 565 24 376 719 96 38 765 434 598 821 734 69 648 389 574 437 896 906 202 98 334 371 835 572 340 345 586 884 1
288 36 108 209 132 674 587 465 310 190 205 802 299 439 481 616 759 594 255 393 253 78 168 773 409 182 259 708 883 826 782 274 892 736 315 450 59 399 857 789 453 475 758 207 280 357 649 42 74 308 516 680 742 710 391 369 890 626 17 7 208 1
741 125 766 695 322 310 190 205 802 299 439 481 616 759 594 255 393 253 78 168 773 409 182 259 708 883 826 782 274 471 665 127 396 791 29 456 1
818 445 560 486 671 244 275 735 450 59 785 532 567 703 696 359 915 269 285 727 455 96 38 765 737 342 825 58 888 601 725 178 358 258 709 386 842 427 339 762 401 3 164 9 505 1
235 817 784 187 328 640 117 755 720 405 378 866 341 798 256 55 643 461 311 487 504 488 47 57 654 122 773 409 366 406 828 809 249 822 15 544 614 421 518 129 387 70 783 464 232 579 1
349 578 187 328 640 117 755 720 405 378 866 341 798 256 55 643 461 311 487 504 488 47 57 654 122 773 409 182 259 708 883 826 782 274 892 736 315 499 617 538 728 671 244 275 1
3 164 9 441 879 659 360 132 674 587 465 310 190 205 802 299 439 481 616 759 594 255 393 253 78 168 773 409 182 259 708 883 319 633 325 372 668 157 615 411 797 449 651 793 150 1
231 9 441 879 659 360 132 674 587 465 310 190 205 802 299 439 481 616 68 279 697 575 388 242 143 746 216 66 491 1
710 391 369 890 626 17 7 208 88 550 853 810 803 266 447 764 874 458 610 460 638 829 56 748 785 532 567 703 696 359 535 18 79 196 413 97 412 400 841 390 549 597 429 362 569 648 389 574 437 896 906 202 98 334 371 835 572 340 345 448 72 1
698 321 817 784 187 328 640 117 755 720 405 378 866 341 798 256 55 643 461 311 487 504 488 47 57 654 122 773 409 366 406 828 809 249 822 476 700 165 555 62 1
281 514 732 63 107 51 94 333 117 755 720 405 378 866 341 798 256 55 643 461 311 487 504 488 47 57 654 122 773 409 182 259 708 883 826 782 274 892 736 315 450 59 399 857 789 453 475 758 207 280 874 458 610 460 638 1
698 321 817 784 187 328 640 117 755 720 405 378 866 341 798 256 55 643 461 311 487 504 488 47 57 654 122 773 409 366 406 900 173 1
281 514 288 36 108 209 132 674 587 465 310 190 205 802 299 439 481 616 68 279 697 301 302 573 20 838 303 678 172 186 263 40 91 1
880 414 305 794 666 848 337 887 646 542 262 813 750 552 243 793 150 676 519 435 590 61 316 696 359 535 18 79 196 413 97 412 400 841 390 549 597 429 362 569 648 389 574 437 896 906 533 612 799 517 634 911 240 768 138 385 1
741 125 766 695 322 310 190 205 802 299 439 481 616 759 594 255 393 253 78 168 773 409 182 259 708 883 826 782 274 892 736 315 450 59 399 857 789 453 475 758 207 280 874 458 610 460 638 1
453 475 758 207 280 874 458 610 460 638 829 56 748 785 532 567 703 696 359 915 269 285 727 455 96 38 765 737 342 825 58 888 601 725 178 358 258 709 386 842 427 339 762 401 879 1
81 526 307 378 866 341 798 256 55 643 461 311 487 504 488 47 57 654 122 773 409 366 406 828 809 249 822 476 700 165 876 836 381 228 656 908 473 559 1
350 844 248 642 513 33 567 703 696 359 915 269 285 727 455 96 38 765 737 342 825 58 888 601 725 178 358 258 709 386 741 125 139 603 126 231 1
364 827 65 724 408 6 580 172 186 903 144 645 561 604 737 342 825 58 888 601 725 178 358 258 709 386 842 427 339 762 619 659 360 1
40 91 110 83 588 480 27 644 900 173 856 623 779 602 751 403 902 468 895 565 24 376 719 96 38 765 737 342 825 58 888 601 725 178 358 258 709 386 741 125 139 603 126 108 209 132 674 587 1
281 514 732 63 107 51 94 333 117 755 720 405 378 866 341 798 256 55 643 461 311 487 504 488 47 57 654 122 773 409 366 406 828 809 249 822 15 544 614 421 518 129 387 678 172 186 263 40 91 1
840 250 560 486 671 244 275 735 450 59 785 532 567 703 696 359 915 269 285 727 455 96 38 765 737 342 825 58 888 601 725 178 358 258 355 380 709 386 741 125 139 220 738 94 333 117 755 720 1
836 381 228 656 908 473 559 685 343 252 555 62 361 588 480 27 644 900 173 856 623 779 602 751 403 902 468 895 565 24 376 719 234 402 867 34 775 541 278 214 215 841 390 549 597 429 362 569 648 389 574 437 896 906 202 98 334 371 835 572 340 345 586 884 1
453 475 758 207 280 874 458 610 460 638 829 56 748 785 532 567 703 696 359 915 269 285 727 455 96 38 765 737 342 825 58 888 601 725 178 358 258 355 380 709 386 842 427 339 762 401 879 1
818 445 560 486 671 244 275 735 450 59 785 532 567 703 696 359 915 269 285 727 455 96 38 765 737 342 825 58 888 601 725 178 358 258 709 386 741 125 139 603 126 231 9 505 1
81 526 307 378 866 341 798 256 55 643 461 311 487 504 488 47 57 654 122 773 409 182 191 406 828 809 249 822 476 700 165 876 836 381 228 656 908 473 559 1
741 125 766 695 322 310 190 205 802 299 439 481 616 759 594 255 393 253 78 168 199 727 773 409 182 259 708 883 826 782 274 471 665 127 396 791 29 456 1
752 693 254 583 740 328 640 117 755 720 405 378 866 341 798 256 55 643 461 311 487 504 488 47 57 654 122 199 727 773 409 182 259 708 883 826 782 274 892 736 315 450 59 399 857 789 453 475 758 207 280 357 649 42 74 308 516 680 742 710 391 369 890 626 17 7 208 1
698 321 817 784 187 328 640 117 755 720 405 378 866 341 798 256 55 643 461 311 487 504 488 47 57 654 122 773 409 182 191 406 900 173 1
288 36 108 209 132 674 587 465 310 190 205 802 299 439 481 616 759 594 255 393 253 78 168 199 727 773 409 182 259 708 883 826 782 274 892 736 315 450 59 399 857 789 453 475 758 207 280 357 649 42 74 308 516 680 742 710 391 369 890 626 17 7 208 1
349 578 187 328 640 117 755 720 405 378 866 341 798 256 55 643 461 311 487 504 488 47 57 654 122 199 727 773 409 182 259 708 883 826 782 274 892 736 315 499 617 538 728 671 244 275 1
40 91 110 476 361 588 480 27 644 900 173 856 623 779 602 751 403 902 468 895 565 24 376 719 96 38 765 737 342 825 58 888 601 725 178 358 258 709 386 741 125 139 603 126 108 209 132 674 587 1
741 125 766 695 322 310 190 205 802 299 439 481 616 759 594 255 393 253 78 168 199 727 773 409 182 259 708 883 826 782 274 892 736 315 450 59 399 857 789 453 475 758 207 280 874 458 610 460 638 1
139 220 738 94 333 117 755 720 405 378 866 341 798 256 55 643 461 311 487 504 488 47 57 654 122 773 409 182 191 406 828 809 249 822 476 700 165 756 824 170 314 163 681 540 1
235 817 784 187 328 640 117 755 720 405 378 866 341 798 256 55 643 461 311 487 504 488 47 57 654 122 773 409 182 191 406 828 809 249 822 476 700 165 876 344 636 443 509 596 1
281 514 288 36 108 209 132 674 587 465 310 190 205 802 299 439 481 616 759 594 255 393 253 78 168 773 409 182 259 708 883 826 782 274 892 736 315 450 59 399 857 789 453 475 758 207 280 874 458 610 460 638 1
534 843 901 251 786 50 149 351 912 714 60 6 580 172 186 903 144 645 561 604 737 342 825 58 888 601 725 178 358 258 709 386 741 125 139 603 126 231 9 505 1
235 817 784 187 328 640 138 385 417 695 322 310 190 205 802 299 439 481 616 68 279 697 301 302 573 20 893 431 912 714 464 232 579 1
145 428 107 51 94 333 117 755 720 405 378 866 341 798 256 55 643 461 311 487 504 488 47 57 654 122 199 727 773 409 182 259 708 883 826 782 274 426 350 844 248 642 513 33 176 1
880 414 305 794 666 848 337 887 646 542 262 813 750 552 243 793 150 676 519 435 590 61 316 696 359 535 18 79 196 413 97 412 400 277 92 821 734 69 648 389 574 437 896 906 533 612 799 517 634 911 240 768 138 385 1
364 827 65 724 408 6 580 172 186 903 144 645 561 604 737 342 825 58 888 601 725 178 358 258 709 386 842 427 339 762 401 879 659 360 1
13 292 586 884 410 323 293 341 798 256 55 643 461 311 487 504 488 47 57 654 122 773 409 182 191 406 828 809 249 822 476 700 165 756 824 170 685 343 252 1
145 428 107 51 94 333 117 755 720 405 378 866 341 798 256 55 643 461 311 487 504 488 47 57 654 122 773 409 182 191 406 828 809 249 822 476 700 165 876 344 636 443 509 596 1
231 9 441 879 659 360 132 674 587 465 310 190 205 802 299 439 481 616 68 279 697 575 388 242 143 493 608 554 66 491 1
350 844 248 642 513 33 567 703 696 359 915 269 285 727 455 96 38 765 737 342 825 58 888 601 725 178 358 258 355 380 709 386 741 125 139 603 126 231 1
698 321 817 784 187 328 640 117 755 720 405 378 866 341 798 256 55 643 461 311 487 504 488 47 57 654 122 773 409 182 191 406 828 809 249 822 476 700 165 555 62 1
710 391 369 890 626 17 7 208 88 550 853 810 803 266 447 764 874 458 610 460 638 829 56 748 785 532 567 703 696 359 535 18 79 196 413 97 412 400 277 92 821 734 69 648 389 574 437 896 906 202 98 334 371 835 572 340 345 448 72 1
281 514 288 36 108 209 132 674 587 465 310 190 205 802 299 439 481 616 759 594 255 393 253 78 346 41 503 462 211 309 430 760 494 142 236 871 618 769 44 809 249 822 83 588 581 1
3 164 9 441 879 659 360 132 674 587 465 310 190 205 802 299 439 481 616 759 594 255 393 253 78 168 199 727 773 409 182 259 708 883 319 633 325 372 668 157 615 411 797 449 651 793 150 1
294 268 780 916 630 685 343 252 555 62 361 588 480 27 644 900 173 856 623 779 602 751 403 902 468 895 565 24 376 719 96 38 765 737 342 825 58 888 601 725 178 358 258 709 386 741 125 139 220 738 254 583 740 1
